config #	worker1.replicaCount	worker1.resources.requests.cpu	worker1.resources.requests.memory	worker2.replicaCount	worker2.resources.requests.cpu	worker2.resources.requests.memory	worker3.replicaCount	worker3.resources.requests.cpu	worker3.resources.requests.memory	worker4.replicaCount	worker4.resources.requests.cpu	worker4.resources.requests.memory	SLAName	Timestamp	CompletionTime	Successfull	
0	0	5	4	0	3	3	0	1	2	0	1	1	silver	1658766207	1.7429741330000001	false	
1	1	5	4	0	3	3	0	1	2	0	1	1	silver	1658766640	26.011638568	true	
2	2	5	4	0	3	3	0	1	2	0	1	1	silver	1658767087	22.257590572	true	
3	3	5	4	0	3	3	0	1	2	0	1	1	silver	1658767541	21.5440444	true	
4	0	6	4	0	3	3	0	1	2	0	1	1	silver	1658768046	1.913821314	false	
5	1	6	4	0	3	3	0	1	2	0	1	1	silver	1658768470	21.934662953	true	
6	2	6	4	0	3	3	0	1	2	0	1	1	silver	1658768934	23.269601857	true	
7	3	6	4	0	3	3	0	1	2	0	1	1		-62135596800	0	false	
8	0	5	4	1	3	3	0	1	2	0	1	1		-62135596800	0	false	
9	1	5	4	1	3	3	0	1	2	0	1	1		-62135596800	0	false	
10	2	5	4	1	3	3	0	1	2	0	1	1		-62135596800	0	false	
11	3	5	4	1	3	3	0	1	2	0	1	1		-62135596800	0	false	
12	0	6	4	1	3	3	0	1	2	0	1	1		-62135596800	0	false	
13	1	6	4	1	3	3	0	1	2	0	1	1		-62135596800	0	false	
14	2	6	4	1	3	3	0	1	2	0	1	1		-62135596800	0	false	
15	3	6	4	1	3	3	0	1	2	0	1	1		-62135596800	0	false	
16	0	5	4	2	3	3	0	1	2	0	1	1		-62135596800	0	false	
17	1	5	4	2	3	3	0	1	2	0	1	1		-62135596800	0	false	
18	2	5	4	2	3	3	0	1	2	0	1	1		-62135596800	0	false	
19	3	5	4	2	3	3	0	1	2	0	1	1		-62135596800	0	false	
20	0	6	4	2	3	3	0	1	2	0	1	1		-62135596800	0	false	
21	1	6	4	2	3	3	0	1	2	0	1	1		-62135596800	0	false	
22	2	6	4	2	3	3	0	1	2	0	1	1		-62135596800	0	false	
23	3	6	4	2	3	3	0	1	2	0	1	1		-62135596800	0	false	
24	0	5	4	3	3	3	0	1	2	0	1	1		-62135596800	0	false	
25	1	5	4	3	3	3	0	1	2	0	1	1		-62135596800	0	false	
26	2	5	4	3	3	3	0	1	2	0	1	1		-62135596800	0	false	
27	3	5	4	3	3	3	0	1	2	0	1	1		-62135596800	0	false	
28	0	6	4	3	3	3	0	1	2	0	1	1		-62135596800	0	false	
29	1	6	4	3	3	3	0	1	2	0	1	1		-62135596800	0	false	
30	2	6	4	3	3	3	0	1	2	0	1	1		-62135596800	0	false	
31	3	6	4	3	3	3	0	1	2	0	1	1		-62135596800	0	false	
32	0	5	4	0	4	3	0	1	2	0	1	1		-62135596800	0	false	
33	1	5	4	0	4	3	0	1	2	0	1	1		-62135596800	0	false	
34	2	5	4	0	4	3	0	1	2	0	1	1		-62135596800	0	false	
35	3	5	4	0	4	3	0	1	2	0	1	1		-62135596800	0	false	
36	0	6	4	0	4	3	0	1	2	0	1	1		-62135596800	0	false	
37	1	6	4	0	4	3	0	1	2	0	1	1		-62135596800	0	false	
38	2	6	4	0	4	3	0	1	2	0	1	1		-62135596800	0	false	
39	3	6	4	0	4	3	0	1	2	0	1	1		-62135596800	0	false	
40	0	5	4	1	4	3	0	1	2	0	1	1		-62135596800	0	false	
41	1	5	4	1	4	3	0	1	2	0	1	1		-62135596800	0	false	
42	2	5	4	1	4	3	0	1	2	0	1	1		-62135596800	0	false	
43	3	5	4	1	4	3	0	1	2	0	1	1		-62135596800	0	false	
44	0	6	4	1	4	3	0	1	2	0	1	1		-62135596800	0	false	
45	1	6	4	1	4	3	0	1	2	0	1	1		-62135596800	0	false	
46	2	6	4	1	4	3	0	1	2	0	1	1		-62135596800	0	false	
47	3	6	4	1	4	3	0	1	2	0	1	1		-62135596800	0	false	
48	0	5	4	2	4	3	0	1	2	0	1	1		-62135596800	0	false	
49	1	5	4	2	4	3	0	1	2	0	1	1		-62135596800	0	false	
50	2	5	4	2	4	3	0	1	2	0	1	1		-62135596800	0	false	
51	3	5	4	2	4	3	0	1	2	0	1	1		-62135596800	0	false	
52	0	6	4	2	4	3	0	1	2	0	1	1		-62135596800	0	false	
53	1	6	4	2	4	3	0	1	2	0	1	1		-62135596800	0	false	
54	2	6	4	2	4	3	0	1	2	0	1	1		-62135596800	0	false	
55	3	6	4	2	4	3	0	1	2	0	1	1		-62135596800	0	false	
56	0	5	4	3	4	3	0	1	2	0	1	1		-62135596800	0	false	
57	1	5	4	3	4	3	0	1	2	0	1	1		-62135596800	0	false	
58	2	5	4	3	4	3	0	1	2	0	1	1		-62135596800	0	false	
59	3	5	4	3	4	3	0	1	2	0	1	1		-62135596800	0	false	
60	0	6	4	3	4	3	0	1	2	0	1	1		-62135596800	0	false	
61	1	6	4	3	4	3	0	1	2	0	1	1		-62135596800	0	false	
62	2	6	4	3	4	3	0	1	2	0	1	1		-62135596800	0	false	
63	3	6	4	3	4	3	0	1	2	0	1	1		-62135596800	0	false	
64	0	5	4	0	3	3	1	1	2	0	1	1		-62135596800	0	false	
65	1	5	4	0	3	3	1	1	2	0	1	1		-62135596800	0	false	
66	2	5	4	0	3	3	1	1	2	0	1	1		-62135596800	0	false	
67	3	5	4	0	3	3	1	1	2	0	1	1		-62135596800	0	false	
68	0	6	4	0	3	3	1	1	2	0	1	1		-62135596800	0	false	
69	1	6	4	0	3	3	1	1	2	0	1	1		-62135596800	0	false	
70	2	6	4	0	3	3	1	1	2	0	1	1		-62135596800	0	false	
71	3	6	4	0	3	3	1	1	2	0	1	1		-62135596800	0	false	
72	0	5	4	1	3	3	1	1	2	0	1	1		-62135596800	0	false	
73	1	5	4	1	3	3	1	1	2	0	1	1		-62135596800	0	false	
74	2	5	4	1	3	3	1	1	2	0	1	1		-62135596800	0	false	
75	3	5	4	1	3	3	1	1	2	0	1	1		-62135596800	0	false	
76	0	6	4	1	3	3	1	1	2	0	1	1		-62135596800	0	false	
77	1	6	4	1	3	3	1	1	2	0	1	1		-62135596800	0	false	
78	2	6	4	1	3	3	1	1	2	0	1	1		-62135596800	0	false	
79	3	6	4	1	3	3	1	1	2	0	1	1		-62135596800	0	false	
80	0	5	4	2	3	3	1	1	2	0	1	1		-62135596800	0	false	
81	1	5	4	2	3	3	1	1	2	0	1	1		-62135596800	0	false	
82	2	5	4	2	3	3	1	1	2	0	1	1		-62135596800	0	false	
83	3	5	4	2	3	3	1	1	2	0	1	1		-62135596800	0	false	
84	0	6	4	2	3	3	1	1	2	0	1	1		-62135596800	0	false	
85	1	6	4	2	3	3	1	1	2	0	1	1		-62135596800	0	false	
86	2	6	4	2	3	3	1	1	2	0	1	1		-62135596800	0	false	
87	3	6	4	2	3	3	1	1	2	0	1	1		-62135596800	0	false	
88	0	5	4	3	3	3	1	1	2	0	1	1		-62135596800	0	false	
89	1	5	4	3	3	3	1	1	2	0	1	1		-62135596800	0	false	
90	2	5	4	3	3	3	1	1	2	0	1	1		-62135596800	0	false	
91	3	5	4	3	3	3	1	1	2	0	1	1		-62135596800	0	false	
92	0	6	4	3	3	3	1	1	2	0	1	1		-62135596800	0	false	
93	1	6	4	3	3	3	1	1	2	0	1	1		-62135596800	0	false	
94	2	6	4	3	3	3	1	1	2	0	1	1		-62135596800	0	false	
95	3	6	4	3	3	3	1	1	2	0	1	1		-62135596800	0	false	
96	0	5	4	0	4	3	1	1	2	0	1	1		-62135596800	0	false	
97	1	5	4	0	4	3	1	1	2	0	1	1		-62135596800	0	false	
98	2	5	4	0	4	3	1	1	2	0	1	1		-62135596800	0	false	
99	3	5	4	0	4	3	1	1	2	0	1	1		-62135596800	0	false	
100	0	6	4	0	4	3	1	1	2	0	1	1		-62135596800	0	false	
101	1	6	4	0	4	3	1	1	2	0	1	1		-62135596800	0	false	
102	2	6	4	0	4	3	1	1	2	0	1	1		-62135596800	0	false	
103	3	6	4	0	4	3	1	1	2	0	1	1		-62135596800	0	false	
104	0	5	4	1	4	3	1	1	2	0	1	1		-62135596800	0	false	
105	1	5	4	1	4	3	1	1	2	0	1	1		-62135596800	0	false	
106	2	5	4	1	4	3	1	1	2	0	1	1		-62135596800	0	false	
107	3	5	4	1	4	3	1	1	2	0	1	1		-62135596800	0	false	
108	0	6	4	1	4	3	1	1	2	0	1	1		-62135596800	0	false	
109	1	6	4	1	4	3	1	1	2	0	1	1		-62135596800	0	false	
110	2	6	4	1	4	3	1	1	2	0	1	1		-62135596800	0	false	
111	3	6	4	1	4	3	1	1	2	0	1	1		-62135596800	0	false	
112	0	5	4	2	4	3	1	1	2	0	1	1		-62135596800	0	false	
113	1	5	4	2	4	3	1	1	2	0	1	1		-62135596800	0	false	
114	2	5	4	2	4	3	1	1	2	0	1	1		-62135596800	0	false	
115	3	5	4	2	4	3	1	1	2	0	1	1		-62135596800	0	false	
116	0	6	4	2	4	3	1	1	2	0	1	1		-62135596800	0	false	
117	1	6	4	2	4	3	1	1	2	0	1	1		-62135596800	0	false	
118	2	6	4	2	4	3	1	1	2	0	1	1		-62135596800	0	false	
119	3	6	4	2	4	3	1	1	2	0	1	1		-62135596800	0	false	
120	0	5	4	3	4	3	1	1	2	0	1	1		-62135596800	0	false	
121	1	5	4	3	4	3	1	1	2	0	1	1		-62135596800	0	false	
122	2	5	4	3	4	3	1	1	2	0	1	1		-62135596800	0	false	
123	3	5	4	3	4	3	1	1	2	0	1	1		-62135596800	0	false	
124	0	6	4	3	4	3	1	1	2	0	1	1		-62135596800	0	false	
125	1	6	4	3	4	3	1	1	2	0	1	1		-62135596800	0	false	
126	2	6	4	3	4	3	1	1	2	0	1	1		-62135596800	0	false	
127	3	6	4	3	4	3	1	1	2	0	1	1		-62135596800	0	false	
128	0	5	4	0	3	3	2	1	2	0	1	1		-62135596800	0	false	
129	1	5	4	0	3	3	2	1	2	0	1	1		-62135596800	0	false	
130	2	5	4	0	3	3	2	1	2	0	1	1		-62135596800	0	false	
131	3	5	4	0	3	3	2	1	2	0	1	1		-62135596800	0	false	
132	0	6	4	0	3	3	2	1	2	0	1	1		-62135596800	0	false	
133	1	6	4	0	3	3	2	1	2	0	1	1		-62135596800	0	false	
134	2	6	4	0	3	3	2	1	2	0	1	1		-62135596800	0	false	
135	3	6	4	0	3	3	2	1	2	0	1	1		-62135596800	0	false	
136	0	5	4	1	3	3	2	1	2	0	1	1		-62135596800	0	false	
137	1	5	4	1	3	3	2	1	2	0	1	1		-62135596800	0	false	
138	2	5	4	1	3	3	2	1	2	0	1	1		-62135596800	0	false	
139	3	5	4	1	3	3	2	1	2	0	1	1		-62135596800	0	false	
140	0	6	4	1	3	3	2	1	2	0	1	1		-62135596800	0	false	
141	1	6	4	1	3	3	2	1	2	0	1	1		-62135596800	0	false	
142	2	6	4	1	3	3	2	1	2	0	1	1		-62135596800	0	false	
143	3	6	4	1	3	3	2	1	2	0	1	1		-62135596800	0	false	
144	0	5	4	2	3	3	2	1	2	0	1	1	silver	1658239995	28.507143845	true	
145	1	5	4	2	3	3	2	1	2	0	1	1	silver	1658240782	25.642349122	true	
146	2	5	4	2	3	3	2	1	2	0	1	1	silver	1658241174	27.074130009	true	
147	3	5	4	2	3	3	2	1	2	0	1	1	silver	1658240386	28.97691995	true	
148	0	6	4	2	3	3	2	1	2	0	1	1		-62135596800	0	false	
149	1	6	4	2	3	3	2	1	2	0	1	1		-62135596800	0	false	
150	2	6	4	2	3	3	2	1	2	0	1	1		-62135596800	0	false	
151	3	6	4	2	3	3	2	1	2	0	1	1		-62135596800	0	false	
152	0	5	4	3	3	3	2	1	2	0	1	1		-62135596800	0	false	
153	1	5	4	3	3	3	2	1	2	0	1	1		-62135596800	0	false	
154	2	5	4	3	3	3	2	1	2	0	1	1		-62135596800	0	false	
155	3	5	4	3	3	3	2	1	2	0	1	1		-62135596800	0	false	
156	0	6	4	3	3	3	2	1	2	0	1	1		-62135596800	0	false	
157	1	6	4	3	3	3	2	1	2	0	1	1		-62135596800	0	false	
158	2	6	4	3	3	3	2	1	2	0	1	1		-62135596800	0	false	
159	3	6	4	3	3	3	2	1	2	0	1	1		-62135596800	0	false	
160	0	5	4	0	4	3	2	1	2	0	1	1		-62135596800	0	false	
161	1	5	4	0	4	3	2	1	2	0	1	1		-62135596800	0	false	
162	2	5	4	0	4	3	2	1	2	0	1	1		-62135596800	0	false	
163	3	5	4	0	4	3	2	1	2	0	1	1		-62135596800	0	false	
164	0	6	4	0	4	3	2	1	2	0	1	1		-62135596800	0	false	
165	1	6	4	0	4	3	2	1	2	0	1	1		-62135596800	0	false	
166	2	6	4	0	4	3	2	1	2	0	1	1		-62135596800	0	false	
167	3	6	4	0	4	3	2	1	2	0	1	1		-62135596800	0	false	
168	0	5	4	1	4	3	2	1	2	0	1	1		-62135596800	0	false	
169	1	5	4	1	4	3	2	1	2	0	1	1		-62135596800	0	false	
170	2	5	4	1	4	3	2	1	2	0	1	1		-62135596800	0	false	
171	3	5	4	1	4	3	2	1	2	0	1	1		-62135596800	0	false	
172	0	6	4	1	4	3	2	1	2	0	1	1		-62135596800	0	false	
173	1	6	4	1	4	3	2	1	2	0	1	1		-62135596800	0	false	
174	2	6	4	1	4	3	2	1	2	0	1	1		-62135596800	0	false	
175	3	6	4	1	4	3	2	1	2	0	1	1		-62135596800	0	false	
176	0	5	4	2	4	3	2	1	2	0	1	1		-62135596800	0	false	
177	1	5	4	2	4	3	2	1	2	0	1	1		-62135596800	0	false	
178	2	5	4	2	4	3	2	1	2	0	1	1		-62135596800	0	false	
179	3	5	4	2	4	3	2	1	2	0	1	1		-62135596800	0	false	
180	0	6	4	2	4	3	2	1	2	0	1	1		-62135596800	0	false	
181	1	6	4	2	4	3	2	1	2	0	1	1		-62135596800	0	false	
182	2	6	4	2	4	3	2	1	2	0	1	1		-62135596800	0	false	
183	3	6	4	2	4	3	2	1	2	0	1	1		-62135596800	0	false	
184	0	5	4	3	4	3	2	1	2	0	1	1		-62135596800	0	false	
185	1	5	4	3	4	3	2	1	2	0	1	1		-62135596800	0	false	
186	2	5	4	3	4	3	2	1	2	0	1	1		-62135596800	0	false	
187	3	5	4	3	4	3	2	1	2	0	1	1		-62135596800	0	false	
188	0	6	4	3	4	3	2	1	2	0	1	1		-62135596800	0	false	
189	1	6	4	3	4	3	2	1	2	0	1	1		-62135596800	0	false	
190	2	6	4	3	4	3	2	1	2	0	1	1		-62135596800	0	false	
191	3	6	4	3	4	3	2	1	2	0	1	1		-62135596800	0	false	
192	0	5	4	0	3	3	3	1	2	0	1	1		-62135596800	0	false	
193	1	5	4	0	3	3	3	1	2	0	1	1		-62135596800	0	false	
194	2	5	4	0	3	3	3	1	2	0	1	1		-62135596800	0	false	
195	3	5	4	0	3	3	3	1	2	0	1	1		-62135596800	0	false	
196	0	6	4	0	3	3	3	1	2	0	1	1		-62135596800	0	false	
197	1	6	4	0	3	3	3	1	2	0	1	1		-62135596800	0	false	
198	2	6	4	0	3	3	3	1	2	0	1	1		-62135596800	0	false	
199	3	6	4	0	3	3	3	1	2	0	1	1		-62135596800	0	false	
200	0	5	4	1	3	3	3	1	2	0	1	1		-62135596800	0	false	
201	1	5	4	1	3	3	3	1	2	0	1	1		-62135596800	0	false	
202	2	5	4	1	3	3	3	1	2	0	1	1		-62135596800	0	false	
203	3	5	4	1	3	3	3	1	2	0	1	1		-62135596800	0	false	
204	0	6	4	1	3	3	3	1	2	0	1	1		-62135596800	0	false	
205	1	6	4	1	3	3	3	1	2	0	1	1		-62135596800	0	false	
206	2	6	4	1	3	3	3	1	2	0	1	1		-62135596800	0	false	
207	3	6	4	1	3	3	3	1	2	0	1	1		-62135596800	0	false	
208	0	5	4	2	3	3	3	1	2	0	1	1		-62135596800	0	false	
209	1	5	4	2	3	3	3	1	2	0	1	1		-62135596800	0	false	
210	2	5	4	2	3	3	3	1	2	0	1	1		-62135596800	0	false	
211	3	5	4	2	3	3	3	1	2	0	1	1		-62135596800	0	false	
212	0	6	4	2	3	3	3	1	2	0	1	1		-62135596800	0	false	
213	1	6	4	2	3	3	3	1	2	0	1	1		-62135596800	0	false	
214	2	6	4	2	3	3	3	1	2	0	1	1		-62135596800	0	false	
215	3	6	4	2	3	3	3	1	2	0	1	1		-62135596800	0	false	
216	0	5	4	3	3	3	3	1	2	0	1	1		-62135596800	0	false	
217	1	5	4	3	3	3	3	1	2	0	1	1		-62135596800	0	false	
218	2	5	4	3	3	3	3	1	2	0	1	1		-62135596800	0	false	
219	3	5	4	3	3	3	3	1	2	0	1	1		-62135596800	0	false	
220	0	6	4	3	3	3	3	1	2	0	1	1		-62135596800	0	false	
221	1	6	4	3	3	3	3	1	2	0	1	1		-62135596800	0	false	
222	2	6	4	3	3	3	3	1	2	0	1	1		-62135596800	0	false	
223	3	6	4	3	3	3	3	1	2	0	1	1		-62135596800	0	false	
224	0	5	4	0	4	3	3	1	2	0	1	1		-62135596800	0	false	
225	1	5	4	0	4	3	3	1	2	0	1	1		-62135596800	0	false	
226	2	5	4	0	4	3	3	1	2	0	1	1		-62135596800	0	false	
227	3	5	4	0	4	3	3	1	2	0	1	1		-62135596800	0	false	
228	0	6	4	0	4	3	3	1	2	0	1	1		-62135596800	0	false	
229	1	6	4	0	4	3	3	1	2	0	1	1		-62135596800	0	false	
230	2	6	4	0	4	3	3	1	2	0	1	1		-62135596800	0	false	
231	3	6	4	0	4	3	3	1	2	0	1	1		-62135596800	0	false	
232	0	5	4	1	4	3	3	1	2	0	1	1		-62135596800	0	false	
233	1	5	4	1	4	3	3	1	2	0	1	1		-62135596800	0	false	
234	2	5	4	1	4	3	3	1	2	0	1	1		-62135596800	0	false	
235	3	5	4	1	4	3	3	1	2	0	1	1		-62135596800	0	false	
236	0	6	4	1	4	3	3	1	2	0	1	1		-62135596800	0	false	
237	1	6	4	1	4	3	3	1	2	0	1	1		-62135596800	0	false	
238	2	6	4	1	4	3	3	1	2	0	1	1		-62135596800	0	false	
239	3	6	4	1	4	3	3	1	2	0	1	1		-62135596800	0	false	
240	0	5	4	2	4	3	3	1	2	0	1	1		-62135596800	0	false	
241	1	5	4	2	4	3	3	1	2	0	1	1		-62135596800	0	false	
242	2	5	4	2	4	3	3	1	2	0	1	1		-62135596800	0	false	
243	3	5	4	2	4	3	3	1	2	0	1	1		-62135596800	0	false	
244	0	6	4	2	4	3	3	1	2	0	1	1		-62135596800	0	false	
245	1	6	4	2	4	3	3	1	2	0	1	1		-62135596800	0	false	
246	2	6	4	2	4	3	3	1	2	0	1	1		-62135596800	0	false	
247	3	6	4	2	4	3	3	1	2	0	1	1		-62135596800	0	false	
248	0	5	4	3	4	3	3	1	2	0	1	1		-62135596800	0	false	
249	1	5	4	3	4	3	3	1	2	0	1	1		-62135596800	0	false	
250	2	5	4	3	4	3	3	1	2	0	1	1		-62135596800	0	false	
251	3	5	4	3	4	3	3	1	2	0	1	1		-62135596800	0	false	
252	0	6	4	3	4	3	3	1	2	0	1	1		-62135596800	0	false	
253	1	6	4	3	4	3	3	1	2	0	1	1		-62135596800	0	false	
254	2	6	4	3	4	3	3	1	2	0	1	1		-62135596800	0	false	
255	3	6	4	3	4	3	3	1	2	0	1	1		-62135596800	0	false	
256	0	5	4	0	3	3	0	2	2	0	1	1		-62135596800	0	false	
257	1	5	4	0	3	3	0	2	2	0	1	1		-62135596800	0	false	
258	2	5	4	0	3	3	0	2	2	0	1	1		-62135596800	0	false	
259	3	5	4	0	3	3	0	2	2	0	1	1		-62135596800	0	false	
260	0	6	4	0	3	3	0	2	2	0	1	1		-62135596800	0	false	
261	1	6	4	0	3	3	0	2	2	0	1	1		-62135596800	0	false	
262	2	6	4	0	3	3	0	2	2	0	1	1		-62135596800	0	false	
263	3	6	4	0	3	3	0	2	2	0	1	1		-62135596800	0	false	
264	0	5	4	1	3	3	0	2	2	0	1	1		-62135596800	0	false	
265	1	5	4	1	3	3	0	2	2	0	1	1		-62135596800	0	false	
266	2	5	4	1	3	3	0	2	2	0	1	1		-62135596800	0	false	
267	3	5	4	1	3	3	0	2	2	0	1	1		-62135596800	0	false	
268	0	6	4	1	3	3	0	2	2	0	1	1		-62135596800	0	false	
269	1	6	4	1	3	3	0	2	2	0	1	1		-62135596800	0	false	
270	2	6	4	1	3	3	0	2	2	0	1	1		-62135596800	0	false	
271	3	6	4	1	3	3	0	2	2	0	1	1		-62135596800	0	false	
272	0	5	4	2	3	3	0	2	2	0	1	1		-62135596800	0	false	
273	1	5	4	2	3	3	0	2	2	0	1	1		-62135596800	0	false	
274	2	5	4	2	3	3	0	2	2	0	1	1		-62135596800	0	false	
275	3	5	4	2	3	3	0	2	2	0	1	1		-62135596800	0	false	
276	0	6	4	2	3	3	0	2	2	0	1	1		-62135596800	0	false	
277	1	6	4	2	3	3	0	2	2	0	1	1		-62135596800	0	false	
278	2	6	4	2	3	3	0	2	2	0	1	1		-62135596800	0	false	
279	3	6	4	2	3	3	0	2	2	0	1	1		-62135596800	0	false	
280	0	5	4	3	3	3	0	2	2	0	1	1		-62135596800	0	false	
281	1	5	4	3	3	3	0	2	2	0	1	1		-62135596800	0	false	
282	2	5	4	3	3	3	0	2	2	0	1	1		-62135596800	0	false	
283	3	5	4	3	3	3	0	2	2	0	1	1		-62135596800	0	false	
284	0	6	4	3	3	3	0	2	2	0	1	1		-62135596800	0	false	
285	1	6	4	3	3	3	0	2	2	0	1	1		-62135596800	0	false	
286	2	6	4	3	3	3	0	2	2	0	1	1		-62135596800	0	false	
287	3	6	4	3	3	3	0	2	2	0	1	1		-62135596800	0	false	
288	0	5	4	0	4	3	0	2	2	0	1	1		-62135596800	0	false	
289	1	5	4	0	4	3	0	2	2	0	1	1		-62135596800	0	false	
290	2	5	4	0	4	3	0	2	2	0	1	1		-62135596800	0	false	
291	3	5	4	0	4	3	0	2	2	0	1	1		-62135596800	0	false	
292	0	6	4	0	4	3	0	2	2	0	1	1		-62135596800	0	false	
293	1	6	4	0	4	3	0	2	2	0	1	1		-62135596800	0	false	
294	2	6	4	0	4	3	0	2	2	0	1	1		-62135596800	0	false	
295	3	6	4	0	4	3	0	2	2	0	1	1		-62135596800	0	false	
296	0	5	4	1	4	3	0	2	2	0	1	1		-62135596800	0	false	
297	1	5	4	1	4	3	0	2	2	0	1	1		-62135596800	0	false	
298	2	5	4	1	4	3	0	2	2	0	1	1		-62135596800	0	false	
299	3	5	4	1	4	3	0	2	2	0	1	1		-62135596800	0	false	
300	0	6	4	1	4	3	0	2	2	0	1	1		-62135596800	0	false	
301	1	6	4	1	4	3	0	2	2	0	1	1		-62135596800	0	false	
302	2	6	4	1	4	3	0	2	2	0	1	1		-62135596800	0	false	
303	3	6	4	1	4	3	0	2	2	0	1	1		-62135596800	0	false	
304	0	5	4	2	4	3	0	2	2	0	1	1		-62135596800	0	false	
305	1	5	4	2	4	3	0	2	2	0	1	1		-62135596800	0	false	
306	2	5	4	2	4	3	0	2	2	0	1	1		-62135596800	0	false	
307	3	5	4	2	4	3	0	2	2	0	1	1		-62135596800	0	false	
308	0	6	4	2	4	3	0	2	2	0	1	1		-62135596800	0	false	
309	1	6	4	2	4	3	0	2	2	0	1	1		-62135596800	0	false	
310	2	6	4	2	4	3	0	2	2	0	1	1		-62135596800	0	false	
311	3	6	4	2	4	3	0	2	2	0	1	1		-62135596800	0	false	
312	0	5	4	3	4	3	0	2	2	0	1	1		-62135596800	0	false	
313	1	5	4	3	4	3	0	2	2	0	1	1		-62135596800	0	false	
314	2	5	4	3	4	3	0	2	2	0	1	1		-62135596800	0	false	
315	3	5	4	3	4	3	0	2	2	0	1	1		-62135596800	0	false	
316	0	6	4	3	4	3	0	2	2	0	1	1		-62135596800	0	false	
317	1	6	4	3	4	3	0	2	2	0	1	1		-62135596800	0	false	
318	2	6	4	3	4	3	0	2	2	0	1	1		-62135596800	0	false	
319	3	6	4	3	4	3	0	2	2	0	1	1		-62135596800	0	false	
320	0	5	4	0	3	3	1	2	2	0	1	1		-62135596800	0	false	
321	1	5	4	0	3	3	1	2	2	0	1	1		-62135596800	0	false	
322	2	5	4	0	3	3	1	2	2	0	1	1		-62135596800	0	false	
323	3	5	4	0	3	3	1	2	2	0	1	1		-62135596800	0	false	
324	0	6	4	0	3	3	1	2	2	0	1	1		-62135596800	0	false	
325	1	6	4	0	3	3	1	2	2	0	1	1		-62135596800	0	false	
326	2	6	4	0	3	3	1	2	2	0	1	1		-62135596800	0	false	
327	3	6	4	0	3	3	1	2	2	0	1	1		-62135596800	0	false	
328	0	5	4	1	3	3	1	2	2	0	1	1		-62135596800	0	false	
329	1	5	4	1	3	3	1	2	2	0	1	1		-62135596800	0	false	
330	2	5	4	1	3	3	1	2	2	0	1	1		-62135596800	0	false	
331	3	5	4	1	3	3	1	2	2	0	1	1		-62135596800	0	false	
332	0	6	4	1	3	3	1	2	2	0	1	1		-62135596800	0	false	
333	1	6	4	1	3	3	1	2	2	0	1	1		-62135596800	0	false	
334	2	6	4	1	3	3	1	2	2	0	1	1		-62135596800	0	false	
335	3	6	4	1	3	3	1	2	2	0	1	1		-62135596800	0	false	
336	0	5	4	2	3	3	1	2	2	0	1	1		-62135596800	0	false	
337	1	5	4	2	3	3	1	2	2	0	1	1		-62135596800	0	false	
338	2	5	4	2	3	3	1	2	2	0	1	1		-62135596800	0	false	
339	3	5	4	2	3	3	1	2	2	0	1	1		-62135596800	0	false	
340	0	6	4	2	3	3	1	2	2	0	1	1		-62135596800	0	false	
341	1	6	4	2	3	3	1	2	2	0	1	1		-62135596800	0	false	
342	2	6	4	2	3	3	1	2	2	0	1	1		-62135596800	0	false	
343	3	6	4	2	3	3	1	2	2	0	1	1		-62135596800	0	false	
344	0	5	4	3	3	3	1	2	2	0	1	1		-62135596800	0	false	
345	1	5	4	3	3	3	1	2	2	0	1	1		-62135596800	0	false	
346	2	5	4	3	3	3	1	2	2	0	1	1		-62135596800	0	false	
347	3	5	4	3	3	3	1	2	2	0	1	1		-62135596800	0	false	
348	0	6	4	3	3	3	1	2	2	0	1	1		-62135596800	0	false	
349	1	6	4	3	3	3	1	2	2	0	1	1		-62135596800	0	false	
350	2	6	4	3	3	3	1	2	2	0	1	1		-62135596800	0	false	
351	3	6	4	3	3	3	1	2	2	0	1	1		-62135596800	0	false	
352	0	5	4	0	4	3	1	2	2	0	1	1		-62135596800	0	false	
353	1	5	4	0	4	3	1	2	2	0	1	1		-62135596800	0	false	
354	2	5	4	0	4	3	1	2	2	0	1	1		-62135596800	0	false	
355	3	5	4	0	4	3	1	2	2	0	1	1		-62135596800	0	false	
356	0	6	4	0	4	3	1	2	2	0	1	1		-62135596800	0	false	
357	1	6	4	0	4	3	1	2	2	0	1	1		-62135596800	0	false	
358	2	6	4	0	4	3	1	2	2	0	1	1		-62135596800	0	false	
359	3	6	4	0	4	3	1	2	2	0	1	1		-62135596800	0	false	
360	0	5	4	1	4	3	1	2	2	0	1	1		-62135596800	0	false	
361	1	5	4	1	4	3	1	2	2	0	1	1		-62135596800	0	false	
362	2	5	4	1	4	3	1	2	2	0	1	1		-62135596800	0	false	
363	3	5	4	1	4	3	1	2	2	0	1	1		-62135596800	0	false	
364	0	6	4	1	4	3	1	2	2	0	1	1		-62135596800	0	false	
365	1	6	4	1	4	3	1	2	2	0	1	1		-62135596800	0	false	
366	2	6	4	1	4	3	1	2	2	0	1	1		-62135596800	0	false	
367	3	6	4	1	4	3	1	2	2	0	1	1		-62135596800	0	false	
368	0	5	4	2	4	3	1	2	2	0	1	1		-62135596800	0	false	
369	1	5	4	2	4	3	1	2	2	0	1	1		-62135596800	0	false	
370	2	5	4	2	4	3	1	2	2	0	1	1		-62135596800	0	false	
371	3	5	4	2	4	3	1	2	2	0	1	1		-62135596800	0	false	
372	0	6	4	2	4	3	1	2	2	0	1	1		-62135596800	0	false	
373	1	6	4	2	4	3	1	2	2	0	1	1		-62135596800	0	false	
374	2	6	4	2	4	3	1	2	2	0	1	1		-62135596800	0	false	
375	3	6	4	2	4	3	1	2	2	0	1	1		-62135596800	0	false	
376	0	5	4	3	4	3	1	2	2	0	1	1		-62135596800	0	false	
377	1	5	4	3	4	3	1	2	2	0	1	1		-62135596800	0	false	
378	2	5	4	3	4	3	1	2	2	0	1	1		-62135596800	0	false	
379	3	5	4	3	4	3	1	2	2	0	1	1		-62135596800	0	false	
380	0	6	4	3	4	3	1	2	2	0	1	1		-62135596800	0	false	
381	1	6	4	3	4	3	1	2	2	0	1	1		-62135596800	0	false	
382	2	6	4	3	4	3	1	2	2	0	1	1		-62135596800	0	false	
383	3	6	4	3	4	3	1	2	2	0	1	1		-62135596800	0	false	
384	0	5	4	0	3	3	2	2	2	0	1	1		-62135596800	0	false	
385	1	5	4	0	3	3	2	2	2	0	1	1		-62135596800	0	false	
386	2	5	4	0	3	3	2	2	2	0	1	1		-62135596800	0	false	
387	3	5	4	0	3	3	2	2	2	0	1	1		-62135596800	0	false	
388	0	6	4	0	3	3	2	2	2	0	1	1		-62135596800	0	false	
389	1	6	4	0	3	3	2	2	2	0	1	1		-62135596800	0	false	
390	2	6	4	0	3	3	2	2	2	0	1	1		-62135596800	0	false	
391	3	6	4	0	3	3	2	2	2	0	1	1		-62135596800	0	false	
392	0	5	4	1	3	3	2	2	2	0	1	1		-62135596800	0	false	
393	1	5	4	1	3	3	2	2	2	0	1	1		-62135596800	0	false	
394	2	5	4	1	3	3	2	2	2	0	1	1		-62135596800	0	false	
395	3	5	4	1	3	3	2	2	2	0	1	1		-62135596800	0	false	
396	0	6	4	1	3	3	2	2	2	0	1	1		-62135596800	0	false	
397	1	6	4	1	3	3	2	2	2	0	1	1		-62135596800	0	false	
398	2	6	4	1	3	3	2	2	2	0	1	1		-62135596800	0	false	
399	3	6	4	1	3	3	2	2	2	0	1	1		-62135596800	0	false	
400	0	5	4	2	3	3	2	2	2	0	1	1		-62135596800	0	false	
401	1	5	4	2	3	3	2	2	2	0	1	1		-62135596800	0	false	
402	2	5	4	2	3	3	2	2	2	0	1	1		-62135596800	0	false	
403	3	5	4	2	3	3	2	2	2	0	1	1		-62135596800	0	false	
404	0	6	4	2	3	3	2	2	2	0	1	1		-62135596800	0	false	
405	1	6	4	2	3	3	2	2	2	0	1	1		-62135596800	0	false	
406	2	6	4	2	3	3	2	2	2	0	1	1		-62135596800	0	false	
407	3	6	4	2	3	3	2	2	2	0	1	1		-62135596800	0	false	
408	0	5	4	3	3	3	2	2	2	0	1	1		-62135596800	0	false	
409	1	5	4	3	3	3	2	2	2	0	1	1		-62135596800	0	false	
410	2	5	4	3	3	3	2	2	2	0	1	1		-62135596800	0	false	
411	3	5	4	3	3	3	2	2	2	0	1	1		-62135596800	0	false	
412	0	6	4	3	3	3	2	2	2	0	1	1		-62135596800	0	false	
413	1	6	4	3	3	3	2	2	2	0	1	1		-62135596800	0	false	
414	2	6	4	3	3	3	2	2	2	0	1	1		-62135596800	0	false	
415	3	6	4	3	3	3	2	2	2	0	1	1		-62135596800	0	false	
416	0	5	4	0	4	3	2	2	2	0	1	1		-62135596800	0	false	
417	1	5	4	0	4	3	2	2	2	0	1	1		-62135596800	0	false	
418	2	5	4	0	4	3	2	2	2	0	1	1		-62135596800	0	false	
419	3	5	4	0	4	3	2	2	2	0	1	1		-62135596800	0	false	
420	0	6	4	0	4	3	2	2	2	0	1	1		-62135596800	0	false	
421	1	6	4	0	4	3	2	2	2	0	1	1		-62135596800	0	false	
422	2	6	4	0	4	3	2	2	2	0	1	1		-62135596800	0	false	
423	3	6	4	0	4	3	2	2	2	0	1	1		-62135596800	0	false	
424	0	5	4	1	4	3	2	2	2	0	1	1		-62135596800	0	false	
425	1	5	4	1	4	3	2	2	2	0	1	1		-62135596800	0	false	
426	2	5	4	1	4	3	2	2	2	0	1	1		-62135596800	0	false	
427	3	5	4	1	4	3	2	2	2	0	1	1		-62135596800	0	false	
428	0	6	4	1	4	3	2	2	2	0	1	1		-62135596800	0	false	
429	1	6	4	1	4	3	2	2	2	0	1	1		-62135596800	0	false	
430	2	6	4	1	4	3	2	2	2	0	1	1		-62135596800	0	false	
431	3	6	4	1	4	3	2	2	2	0	1	1		-62135596800	0	false	
432	0	5	4	2	4	3	2	2	2	0	1	1		-62135596800	0	false	
433	1	5	4	2	4	3	2	2	2	0	1	1		-62135596800	0	false	
434	2	5	4	2	4	3	2	2	2	0	1	1		-62135596800	0	false	
435	3	5	4	2	4	3	2	2	2	0	1	1		-62135596800	0	false	
436	0	6	4	2	4	3	2	2	2	0	1	1		-62135596800	0	false	
437	1	6	4	2	4	3	2	2	2	0	1	1		-62135596800	0	false	
438	2	6	4	2	4	3	2	2	2	0	1	1		-62135596800	0	false	
439	3	6	4	2	4	3	2	2	2	0	1	1		-62135596800	0	false	
440	0	5	4	3	4	3	2	2	2	0	1	1		-62135596800	0	false	
441	1	5	4	3	4	3	2	2	2	0	1	1		-62135596800	0	false	
442	2	5	4	3	4	3	2	2	2	0	1	1		-62135596800	0	false	
443	3	5	4	3	4	3	2	2	2	0	1	1		-62135596800	0	false	
444	0	6	4	3	4	3	2	2	2	0	1	1		-62135596800	0	false	
445	1	6	4	3	4	3	2	2	2	0	1	1		-62135596800	0	false	
446	2	6	4	3	4	3	2	2	2	0	1	1		-62135596800	0	false	
447	3	6	4	3	4	3	2	2	2	0	1	1		-62135596800	0	false	
448	0	5	4	0	3	3	3	2	2	0	1	1		-62135596800	0	false	
449	1	5	4	0	3	3	3	2	2	0	1	1		-62135596800	0	false	
450	2	5	4	0	3	3	3	2	2	0	1	1		-62135596800	0	false	
451	3	5	4	0	3	3	3	2	2	0	1	1		-62135596800	0	false	
452	0	6	4	0	3	3	3	2	2	0	1	1		-62135596800	0	false	
453	1	6	4	0	3	3	3	2	2	0	1	1		-62135596800	0	false	
454	2	6	4	0	3	3	3	2	2	0	1	1		-62135596800	0	false	
455	3	6	4	0	3	3	3	2	2	0	1	1		-62135596800	0	false	
456	0	5	4	1	3	3	3	2	2	0	1	1		-62135596800	0	false	
457	1	5	4	1	3	3	3	2	2	0	1	1		-62135596800	0	false	
458	2	5	4	1	3	3	3	2	2	0	1	1		-62135596800	0	false	
459	3	5	4	1	3	3	3	2	2	0	1	1		-62135596800	0	false	
460	0	6	4	1	3	3	3	2	2	0	1	1		-62135596800	0	false	
461	1	6	4	1	3	3	3	2	2	0	1	1		-62135596800	0	false	
462	2	6	4	1	3	3	3	2	2	0	1	1		-62135596800	0	false	
463	3	6	4	1	3	3	3	2	2	0	1	1		-62135596800	0	false	
464	0	5	4	2	3	3	3	2	2	0	1	1		-62135596800	0	false	
465	1	5	4	2	3	3	3	2	2	0	1	1		-62135596800	0	false	
466	2	5	4	2	3	3	3	2	2	0	1	1		-62135596800	0	false	
467	3	5	4	2	3	3	3	2	2	0	1	1		-62135596800	0	false	
468	0	6	4	2	3	3	3	2	2	0	1	1		-62135596800	0	false	
469	1	6	4	2	3	3	3	2	2	0	1	1		-62135596800	0	false	
470	2	6	4	2	3	3	3	2	2	0	1	1		-62135596800	0	false	
471	3	6	4	2	3	3	3	2	2	0	1	1		-62135596800	0	false	
472	0	5	4	3	3	3	3	2	2	0	1	1		-62135596800	0	false	
473	1	5	4	3	3	3	3	2	2	0	1	1		-62135596800	0	false	
474	2	5	4	3	3	3	3	2	2	0	1	1		-62135596800	0	false	
475	3	5	4	3	3	3	3	2	2	0	1	1		-62135596800	0	false	
476	0	6	4	3	3	3	3	2	2	0	1	1		-62135596800	0	false	
477	1	6	4	3	3	3	3	2	2	0	1	1		-62135596800	0	false	
478	2	6	4	3	3	3	3	2	2	0	1	1		-62135596800	0	false	
479	3	6	4	3	3	3	3	2	2	0	1	1		-62135596800	0	false	
480	0	5	4	0	4	3	3	2	2	0	1	1		-62135596800	0	false	
481	1	5	4	0	4	3	3	2	2	0	1	1		-62135596800	0	false	
482	2	5	4	0	4	3	3	2	2	0	1	1		-62135596800	0	false	
483	3	5	4	0	4	3	3	2	2	0	1	1		-62135596800	0	false	
484	0	6	4	0	4	3	3	2	2	0	1	1		-62135596800	0	false	
485	1	6	4	0	4	3	3	2	2	0	1	1		-62135596800	0	false	
486	2	6	4	0	4	3	3	2	2	0	1	1		-62135596800	0	false	
487	3	6	4	0	4	3	3	2	2	0	1	1		-62135596800	0	false	
488	0	5	4	1	4	3	3	2	2	0	1	1		-62135596800	0	false	
489	1	5	4	1	4	3	3	2	2	0	1	1		-62135596800	0	false	
490	2	5	4	1	4	3	3	2	2	0	1	1		-62135596800	0	false	
491	3	5	4	1	4	3	3	2	2	0	1	1		-62135596800	0	false	
492	0	6	4	1	4	3	3	2	2	0	1	1		-62135596800	0	false	
493	1	6	4	1	4	3	3	2	2	0	1	1		-62135596800	0	false	
494	2	6	4	1	4	3	3	2	2	0	1	1		-62135596800	0	false	
495	3	6	4	1	4	3	3	2	2	0	1	1		-62135596800	0	false	
496	0	5	4	2	4	3	3	2	2	0	1	1		-62135596800	0	false	
497	1	5	4	2	4	3	3	2	2	0	1	1		-62135596800	0	false	
498	2	5	4	2	4	3	3	2	2	0	1	1		-62135596800	0	false	
499	3	5	4	2	4	3	3	2	2	0	1	1		-62135596800	0	false	
500	0	6	4	2	4	3	3	2	2	0	1	1		-62135596800	0	false	
501	1	6	4	2	4	3	3	2	2	0	1	1		-62135596800	0	false	
502	2	6	4	2	4	3	3	2	2	0	1	1		-62135596800	0	false	
503	3	6	4	2	4	3	3	2	2	0	1	1		-62135596800	0	false	
504	0	5	4	3	4	3	3	2	2	0	1	1		-62135596800	0	false	
505	1	5	4	3	4	3	3	2	2	0	1	1		-62135596800	0	false	
506	2	5	4	3	4	3	3	2	2	0	1	1		-62135596800	0	false	
507	3	5	4	3	4	3	3	2	2	0	1	1		-62135596800	0	false	
508	0	6	4	3	4	3	3	2	2	0	1	1		-62135596800	0	false	
509	1	6	4	3	4	3	3	2	2	0	1	1		-62135596800	0	false	
510	2	6	4	3	4	3	3	2	2	0	1	1		-62135596800	0	false	
511	3	6	4	3	4	3	3	2	2	0	1	1		-62135596800	0	false	
512	0	5	4	0	3	3	0	1	2	1	1	1		-62135596800	0	false	
513	1	5	4	0	3	3	0	1	2	1	1	1		-62135596800	0	false	
514	2	5	4	0	3	3	0	1	2	1	1	1		-62135596800	0	false	
515	3	5	4	0	3	3	0	1	2	1	1	1		-62135596800	0	false	
516	0	6	4	0	3	3	0	1	2	1	1	1		-62135596800	0	false	
517	1	6	4	0	3	3	0	1	2	1	1	1		-62135596800	0	false	
518	2	6	4	0	3	3	0	1	2	1	1	1		-62135596800	0	false	
519	3	6	4	0	3	3	0	1	2	1	1	1		-62135596800	0	false	
520	0	5	4	1	3	3	0	1	2	1	1	1		-62135596800	0	false	
521	1	5	4	1	3	3	0	1	2	1	1	1		-62135596800	0	false	
522	2	5	4	1	3	3	0	1	2	1	1	1		-62135596800	0	false	
523	3	5	4	1	3	3	0	1	2	1	1	1		-62135596800	0	false	
524	0	6	4	1	3	3	0	1	2	1	1	1		-62135596800	0	false	
525	1	6	4	1	3	3	0	1	2	1	1	1		-62135596800	0	false	
526	2	6	4	1	3	3	0	1	2	1	1	1		-62135596800	0	false	
527	3	6	4	1	3	3	0	1	2	1	1	1		-62135596800	0	false	
528	0	5	4	2	3	3	0	1	2	1	1	1		-62135596800	0	false	
529	1	5	4	2	3	3	0	1	2	1	1	1		-62135596800	0	false	
530	2	5	4	2	3	3	0	1	2	1	1	1		-62135596800	0	false	
531	3	5	4	2	3	3	0	1	2	1	1	1		-62135596800	0	false	
532	0	6	4	2	3	3	0	1	2	1	1	1		-62135596800	0	false	
533	1	6	4	2	3	3	0	1	2	1	1	1		-62135596800	0	false	
534	2	6	4	2	3	3	0	1	2	1	1	1		-62135596800	0	false	
535	3	6	4	2	3	3	0	1	2	1	1	1		-62135596800	0	false	
536	0	5	4	3	3	3	0	1	2	1	1	1		-62135596800	0	false	
537	1	5	4	3	3	3	0	1	2	1	1	1		-62135596800	0	false	
538	2	5	4	3	3	3	0	1	2	1	1	1		-62135596800	0	false	
539	3	5	4	3	3	3	0	1	2	1	1	1		-62135596800	0	false	
540	0	6	4	3	3	3	0	1	2	1	1	1		-62135596800	0	false	
541	1	6	4	3	3	3	0	1	2	1	1	1		-62135596800	0	false	
542	2	6	4	3	3	3	0	1	2	1	1	1		-62135596800	0	false	
543	3	6	4	3	3	3	0	1	2	1	1	1		-62135596800	0	false	
544	0	5	4	0	4	3	0	1	2	1	1	1		-62135596800	0	false	
545	1	5	4	0	4	3	0	1	2	1	1	1		-62135596800	0	false	
546	2	5	4	0	4	3	0	1	2	1	1	1		-62135596800	0	false	
547	3	5	4	0	4	3	0	1	2	1	1	1		-62135596800	0	false	
548	0	6	4	0	4	3	0	1	2	1	1	1		-62135596800	0	false	
549	1	6	4	0	4	3	0	1	2	1	1	1		-62135596800	0	false	
550	2	6	4	0	4	3	0	1	2	1	1	1		-62135596800	0	false	
551	3	6	4	0	4	3	0	1	2	1	1	1		-62135596800	0	false	
552	0	5	4	1	4	3	0	1	2	1	1	1		-62135596800	0	false	
553	1	5	4	1	4	3	0	1	2	1	1	1		-62135596800	0	false	
554	2	5	4	1	4	3	0	1	2	1	1	1		-62135596800	0	false	
555	3	5	4	1	4	3	0	1	2	1	1	1		-62135596800	0	false	
556	0	6	4	1	4	3	0	1	2	1	1	1		-62135596800	0	false	
557	1	6	4	1	4	3	0	1	2	1	1	1		-62135596800	0	false	
558	2	6	4	1	4	3	0	1	2	1	1	1		-62135596800	0	false	
559	3	6	4	1	4	3	0	1	2	1	1	1		-62135596800	0	false	
560	0	5	4	2	4	3	0	1	2	1	1	1		-62135596800	0	false	
561	1	5	4	2	4	3	0	1	2	1	1	1		-62135596800	0	false	
562	2	5	4	2	4	3	0	1	2	1	1	1		-62135596800	0	false	
563	3	5	4	2	4	3	0	1	2	1	1	1		-62135596800	0	false	
564	0	6	4	2	4	3	0	1	2	1	1	1		-62135596800	0	false	
565	1	6	4	2	4	3	0	1	2	1	1	1		-62135596800	0	false	
566	2	6	4	2	4	3	0	1	2	1	1	1		-62135596800	0	false	
567	3	6	4	2	4	3	0	1	2	1	1	1		-62135596800	0	false	
568	0	5	4	3	4	3	0	1	2	1	1	1		-62135596800	0	false	
569	1	5	4	3	4	3	0	1	2	1	1	1		-62135596800	0	false	
570	2	5	4	3	4	3	0	1	2	1	1	1		-62135596800	0	false	
571	3	5	4	3	4	3	0	1	2	1	1	1		-62135596800	0	false	
572	0	6	4	3	4	3	0	1	2	1	1	1		-62135596800	0	false	
573	1	6	4	3	4	3	0	1	2	1	1	1		-62135596800	0	false	
574	2	6	4	3	4	3	0	1	2	1	1	1		-62135596800	0	false	
575	3	6	4	3	4	3	0	1	2	1	1	1		-62135596800	0	false	
576	0	5	4	0	3	3	1	1	2	1	1	1		-62135596800	0	false	
577	1	5	4	0	3	3	1	1	2	1	1	1		-62135596800	0	false	
578	2	5	4	0	3	3	1	1	2	1	1	1		-62135596800	0	false	
579	3	5	4	0	3	3	1	1	2	1	1	1		-62135596800	0	false	
580	0	6	4	0	3	3	1	1	2	1	1	1		-62135596800	0	false	
581	1	6	4	0	3	3	1	1	2	1	1	1		-62135596800	0	false	
582	2	6	4	0	3	3	1	1	2	1	1	1		-62135596800	0	false	
583	3	6	4	0	3	3	1	1	2	1	1	1		-62135596800	0	false	
584	0	5	4	1	3	3	1	1	2	1	1	1		-62135596800	0	false	
585	1	5	4	1	3	3	1	1	2	1	1	1		-62135596800	0	false	
586	2	5	4	1	3	3	1	1	2	1	1	1		-62135596800	0	false	
587	3	5	4	1	3	3	1	1	2	1	1	1		-62135596800	0	false	
588	0	6	4	1	3	3	1	1	2	1	1	1		-62135596800	0	false	
589	1	6	4	1	3	3	1	1	2	1	1	1		-62135596800	0	false	
590	2	6	4	1	3	3	1	1	2	1	1	1		-62135596800	0	false	
591	3	6	4	1	3	3	1	1	2	1	1	1		-62135596800	0	false	
592	0	5	4	2	3	3	1	1	2	1	1	1		-62135596800	0	false	
593	1	5	4	2	3	3	1	1	2	1	1	1		-62135596800	0	false	
594	2	5	4	2	3	3	1	1	2	1	1	1		-62135596800	0	false	
595	3	5	4	2	3	3	1	1	2	1	1	1		-62135596800	0	false	
596	0	6	4	2	3	3	1	1	2	1	1	1		-62135596800	0	false	
597	1	6	4	2	3	3	1	1	2	1	1	1		-62135596800	0	false	
598	2	6	4	2	3	3	1	1	2	1	1	1		-62135596800	0	false	
599	3	6	4	2	3	3	1	1	2	1	1	1		-62135596800	0	false	
600	0	5	4	3	3	3	1	1	2	1	1	1		-62135596800	0	false	
601	1	5	4	3	3	3	1	1	2	1	1	1		-62135596800	0	false	
602	2	5	4	3	3	3	1	1	2	1	1	1		-62135596800	0	false	
603	3	5	4	3	3	3	1	1	2	1	1	1		-62135596800	0	false	
604	0	6	4	3	3	3	1	1	2	1	1	1		-62135596800	0	false	
605	1	6	4	3	3	3	1	1	2	1	1	1		-62135596800	0	false	
606	2	6	4	3	3	3	1	1	2	1	1	1		-62135596800	0	false	
607	3	6	4	3	3	3	1	1	2	1	1	1		-62135596800	0	false	
608	0	5	4	0	4	3	1	1	2	1	1	1		-62135596800	0	false	
609	1	5	4	0	4	3	1	1	2	1	1	1		-62135596800	0	false	
610	2	5	4	0	4	3	1	1	2	1	1	1		-62135596800	0	false	
611	3	5	4	0	4	3	1	1	2	1	1	1		-62135596800	0	false	
612	0	6	4	0	4	3	1	1	2	1	1	1		-62135596800	0	false	
613	1	6	4	0	4	3	1	1	2	1	1	1		-62135596800	0	false	
614	2	6	4	0	4	3	1	1	2	1	1	1		-62135596800	0	false	
615	3	6	4	0	4	3	1	1	2	1	1	1		-62135596800	0	false	
616	0	5	4	1	4	3	1	1	2	1	1	1		-62135596800	0	false	
617	1	5	4	1	4	3	1	1	2	1	1	1		-62135596800	0	false	
618	2	5	4	1	4	3	1	1	2	1	1	1		-62135596800	0	false	
619	3	5	4	1	4	3	1	1	2	1	1	1		-62135596800	0	false	
620	0	6	4	1	4	3	1	1	2	1	1	1		-62135596800	0	false	
621	1	6	4	1	4	3	1	1	2	1	1	1		-62135596800	0	false	
622	2	6	4	1	4	3	1	1	2	1	1	1		-62135596800	0	false	
623	3	6	4	1	4	3	1	1	2	1	1	1		-62135596800	0	false	
624	0	5	4	2	4	3	1	1	2	1	1	1		-62135596800	0	false	
625	1	5	4	2	4	3	1	1	2	1	1	1		-62135596800	0	false	
626	2	5	4	2	4	3	1	1	2	1	1	1		-62135596800	0	false	
627	3	5	4	2	4	3	1	1	2	1	1	1		-62135596800	0	false	
628	0	6	4	2	4	3	1	1	2	1	1	1		-62135596800	0	false	
629	1	6	4	2	4	3	1	1	2	1	1	1		-62135596800	0	false	
630	2	6	4	2	4	3	1	1	2	1	1	1		-62135596800	0	false	
631	3	6	4	2	4	3	1	1	2	1	1	1		-62135596800	0	false	
632	0	5	4	3	4	3	1	1	2	1	1	1		-62135596800	0	false	
633	1	5	4	3	4	3	1	1	2	1	1	1		-62135596800	0	false	
634	2	5	4	3	4	3	1	1	2	1	1	1		-62135596800	0	false	
635	3	5	4	3	4	3	1	1	2	1	1	1		-62135596800	0	false	
636	0	6	4	3	4	3	1	1	2	1	1	1		-62135596800	0	false	
637	1	6	4	3	4	3	1	1	2	1	1	1		-62135596800	0	false	
638	2	6	4	3	4	3	1	1	2	1	1	1		-62135596800	0	false	
639	3	6	4	3	4	3	1	1	2	1	1	1		-62135596800	0	false	
640	0	5	4	0	3	3	2	1	2	1	1	1		-62135596800	0	false	
641	1	5	4	0	3	3	2	1	2	1	1	1		-62135596800	0	false	
642	2	5	4	0	3	3	2	1	2	1	1	1		-62135596800	0	false	
643	3	5	4	0	3	3	2	1	2	1	1	1		-62135596800	0	false	
644	0	6	4	0	3	3	2	1	2	1	1	1		-62135596800	0	false	
645	1	6	4	0	3	3	2	1	2	1	1	1		-62135596800	0	false	
646	2	6	4	0	3	3	2	1	2	1	1	1		-62135596800	0	false	
647	3	6	4	0	3	3	2	1	2	1	1	1		-62135596800	0	false	
648	0	5	4	1	3	3	2	1	2	1	1	1		-62135596800	0	false	
649	1	5	4	1	3	3	2	1	2	1	1	1		-62135596800	0	false	
650	2	5	4	1	3	3	2	1	2	1	1	1		-62135596800	0	false	
651	3	5	4	1	3	3	2	1	2	1	1	1		-62135596800	0	false	
652	0	6	4	1	3	3	2	1	2	1	1	1		-62135596800	0	false	
653	1	6	4	1	3	3	2	1	2	1	1	1		-62135596800	0	false	
654	2	6	4	1	3	3	2	1	2	1	1	1		-62135596800	0	false	
655	3	6	4	1	3	3	2	1	2	1	1	1		-62135596800	0	false	
656	0	5	4	2	3	3	2	1	2	1	1	1		-62135596800	0	false	
657	1	5	4	2	3	3	2	1	2	1	1	1		-62135596800	0	false	
658	2	5	4	2	3	3	2	1	2	1	1	1		-62135596800	0	false	
659	3	5	4	2	3	3	2	1	2	1	1	1		-62135596800	0	false	
660	0	6	4	2	3	3	2	1	2	1	1	1		-62135596800	0	false	
661	1	6	4	2	3	3	2	1	2	1	1	1		-62135596800	0	false	
662	2	6	4	2	3	3	2	1	2	1	1	1		-62135596800	0	false	
663	3	6	4	2	3	3	2	1	2	1	1	1		-62135596800	0	false	
664	0	5	4	3	3	3	2	1	2	1	1	1		-62135596800	0	false	
665	1	5	4	3	3	3	2	1	2	1	1	1		-62135596800	0	false	
666	2	5	4	3	3	3	2	1	2	1	1	1		-62135596800	0	false	
667	3	5	4	3	3	3	2	1	2	1	1	1		-62135596800	0	false	
668	0	6	4	3	3	3	2	1	2	1	1	1		-62135596800	0	false	
669	1	6	4	3	3	3	2	1	2	1	1	1		-62135596800	0	false	
670	2	6	4	3	3	3	2	1	2	1	1	1		-62135596800	0	false	
671	3	6	4	3	3	3	2	1	2	1	1	1		-62135596800	0	false	
672	0	5	4	0	4	3	2	1	2	1	1	1		-62135596800	0	false	
673	1	5	4	0	4	3	2	1	2	1	1	1		-62135596800	0	false	
674	2	5	4	0	4	3	2	1	2	1	1	1		-62135596800	0	false	
675	3	5	4	0	4	3	2	1	2	1	1	1		-62135596800	0	false	
676	0	6	4	0	4	3	2	1	2	1	1	1		-62135596800	0	false	
677	1	6	4	0	4	3	2	1	2	1	1	1		-62135596800	0	false	
678	2	6	4	0	4	3	2	1	2	1	1	1		-62135596800	0	false	
679	3	6	4	0	4	3	2	1	2	1	1	1		-62135596800	0	false	
680	0	5	4	1	4	3	2	1	2	1	1	1		-62135596800	0	false	
681	1	5	4	1	4	3	2	1	2	1	1	1		-62135596800	0	false	
682	2	5	4	1	4	3	2	1	2	1	1	1		-62135596800	0	false	
683	3	5	4	1	4	3	2	1	2	1	1	1		-62135596800	0	false	
684	0	6	4	1	4	3	2	1	2	1	1	1		-62135596800	0	false	
685	1	6	4	1	4	3	2	1	2	1	1	1		-62135596800	0	false	
686	2	6	4	1	4	3	2	1	2	1	1	1		-62135596800	0	false	
687	3	6	4	1	4	3	2	1	2	1	1	1		-62135596800	0	false	
688	0	5	4	2	4	3	2	1	2	1	1	1		-62135596800	0	false	
689	1	5	4	2	4	3	2	1	2	1	1	1		-62135596800	0	false	
690	2	5	4	2	4	3	2	1	2	1	1	1		-62135596800	0	false	
691	3	5	4	2	4	3	2	1	2	1	1	1		-62135596800	0	false	
692	0	6	4	2	4	3	2	1	2	1	1	1		-62135596800	0	false	
693	1	6	4	2	4	3	2	1	2	1	1	1		-62135596800	0	false	
694	2	6	4	2	4	3	2	1	2	1	1	1		-62135596800	0	false	
695	3	6	4	2	4	3	2	1	2	1	1	1		-62135596800	0	false	
696	0	5	4	3	4	3	2	1	2	1	1	1		-62135596800	0	false	
697	1	5	4	3	4	3	2	1	2	1	1	1		-62135596800	0	false	
698	2	5	4	3	4	3	2	1	2	1	1	1		-62135596800	0	false	
699	3	5	4	3	4	3	2	1	2	1	1	1		-62135596800	0	false	
700	0	6	4	3	4	3	2	1	2	1	1	1		-62135596800	0	false	
701	1	6	4	3	4	3	2	1	2	1	1	1		-62135596800	0	false	
702	2	6	4	3	4	3	2	1	2	1	1	1		-62135596800	0	false	
703	3	6	4	3	4	3	2	1	2	1	1	1		-62135596800	0	false	
704	0	5	4	0	3	3	3	1	2	1	1	1		-62135596800	0	false	
705	1	5	4	0	3	3	3	1	2	1	1	1		-62135596800	0	false	
706	2	5	4	0	3	3	3	1	2	1	1	1		-62135596800	0	false	
707	3	5	4	0	3	3	3	1	2	1	1	1		-62135596800	0	false	
708	0	6	4	0	3	3	3	1	2	1	1	1		-62135596800	0	false	
709	1	6	4	0	3	3	3	1	2	1	1	1		-62135596800	0	false	
710	2	6	4	0	3	3	3	1	2	1	1	1		-62135596800	0	false	
711	3	6	4	0	3	3	3	1	2	1	1	1		-62135596800	0	false	
712	0	5	4	1	3	3	3	1	2	1	1	1		-62135596800	0	false	
713	1	5	4	1	3	3	3	1	2	1	1	1		-62135596800	0	false	
714	2	5	4	1	3	3	3	1	2	1	1	1		-62135596800	0	false	
715	3	5	4	1	3	3	3	1	2	1	1	1		-62135596800	0	false	
716	0	6	4	1	3	3	3	1	2	1	1	1		-62135596800	0	false	
717	1	6	4	1	3	3	3	1	2	1	1	1		-62135596800	0	false	
718	2	6	4	1	3	3	3	1	2	1	1	1		-62135596800	0	false	
719	3	6	4	1	3	3	3	1	2	1	1	1		-62135596800	0	false	
720	0	5	4	2	3	3	3	1	2	1	1	1		-62135596800	0	false	
721	1	5	4	2	3	3	3	1	2	1	1	1		-62135596800	0	false	
722	2	5	4	2	3	3	3	1	2	1	1	1		-62135596800	0	false	
723	3	5	4	2	3	3	3	1	2	1	1	1		-62135596800	0	false	
724	0	6	4	2	3	3	3	1	2	1	1	1		-62135596800	0	false	
725	1	6	4	2	3	3	3	1	2	1	1	1		-62135596800	0	false	
726	2	6	4	2	3	3	3	1	2	1	1	1		-62135596800	0	false	
727	3	6	4	2	3	3	3	1	2	1	1	1		-62135596800	0	false	
728	0	5	4	3	3	3	3	1	2	1	1	1		-62135596800	0	false	
729	1	5	4	3	3	3	3	1	2	1	1	1		-62135596800	0	false	
730	2	5	4	3	3	3	3	1	2	1	1	1		-62135596800	0	false	
731	3	5	4	3	3	3	3	1	2	1	1	1		-62135596800	0	false	
732	0	6	4	3	3	3	3	1	2	1	1	1		-62135596800	0	false	
733	1	6	4	3	3	3	3	1	2	1	1	1		-62135596800	0	false	
734	2	6	4	3	3	3	3	1	2	1	1	1		-62135596800	0	false	
735	3	6	4	3	3	3	3	1	2	1	1	1		-62135596800	0	false	
736	0	5	4	0	4	3	3	1	2	1	1	1		-62135596800	0	false	
737	1	5	4	0	4	3	3	1	2	1	1	1		-62135596800	0	false	
738	2	5	4	0	4	3	3	1	2	1	1	1		-62135596800	0	false	
739	3	5	4	0	4	3	3	1	2	1	1	1		-62135596800	0	false	
740	0	6	4	0	4	3	3	1	2	1	1	1		-62135596800	0	false	
741	1	6	4	0	4	3	3	1	2	1	1	1		-62135596800	0	false	
742	2	6	4	0	4	3	3	1	2	1	1	1		-62135596800	0	false	
743	3	6	4	0	4	3	3	1	2	1	1	1		-62135596800	0	false	
744	0	5	4	1	4	3	3	1	2	1	1	1		-62135596800	0	false	
745	1	5	4	1	4	3	3	1	2	1	1	1		-62135596800	0	false	
746	2	5	4	1	4	3	3	1	2	1	1	1		-62135596800	0	false	
747	3	5	4	1	4	3	3	1	2	1	1	1		-62135596800	0	false	
748	0	6	4	1	4	3	3	1	2	1	1	1		-62135596800	0	false	
749	1	6	4	1	4	3	3	1	2	1	1	1		-62135596800	0	false	
750	2	6	4	1	4	3	3	1	2	1	1	1		-62135596800	0	false	
751	3	6	4	1	4	3	3	1	2	1	1	1		-62135596800	0	false	
752	0	5	4	2	4	3	3	1	2	1	1	1		-62135596800	0	false	
753	1	5	4	2	4	3	3	1	2	1	1	1		-62135596800	0	false	
754	2	5	4	2	4	3	3	1	2	1	1	1		-62135596800	0	false	
755	3	5	4	2	4	3	3	1	2	1	1	1		-62135596800	0	false	
756	0	6	4	2	4	3	3	1	2	1	1	1		-62135596800	0	false	
757	1	6	4	2	4	3	3	1	2	1	1	1		-62135596800	0	false	
758	2	6	4	2	4	3	3	1	2	1	1	1		-62135596800	0	false	
759	3	6	4	2	4	3	3	1	2	1	1	1		-62135596800	0	false	
760	0	5	4	3	4	3	3	1	2	1	1	1		-62135596800	0	false	
761	1	5	4	3	4	3	3	1	2	1	1	1		-62135596800	0	false	
762	2	5	4	3	4	3	3	1	2	1	1	1		-62135596800	0	false	
763	3	5	4	3	4	3	3	1	2	1	1	1		-62135596800	0	false	
764	0	6	4	3	4	3	3	1	2	1	1	1		-62135596800	0	false	
765	1	6	4	3	4	3	3	1	2	1	1	1		-62135596800	0	false	
766	2	6	4	3	4	3	3	1	2	1	1	1		-62135596800	0	false	
767	3	6	4	3	4	3	3	1	2	1	1	1		-62135596800	0	false	
768	0	5	4	0	3	3	0	2	2	1	1	1		-62135596800	0	false	
769	1	5	4	0	3	3	0	2	2	1	1	1		-62135596800	0	false	
770	2	5	4	0	3	3	0	2	2	1	1	1		-62135596800	0	false	
771	3	5	4	0	3	3	0	2	2	1	1	1		-62135596800	0	false	
772	0	6	4	0	3	3	0	2	2	1	1	1		-62135596800	0	false	
773	1	6	4	0	3	3	0	2	2	1	1	1		-62135596800	0	false	
774	2	6	4	0	3	3	0	2	2	1	1	1		-62135596800	0	false	
775	3	6	4	0	3	3	0	2	2	1	1	1		-62135596800	0	false	
776	0	5	4	1	3	3	0	2	2	1	1	1		-62135596800	0	false	
777	1	5	4	1	3	3	0	2	2	1	1	1		-62135596800	0	false	
778	2	5	4	1	3	3	0	2	2	1	1	1		-62135596800	0	false	
779	3	5	4	1	3	3	0	2	2	1	1	1		-62135596800	0	false	
780	0	6	4	1	3	3	0	2	2	1	1	1		-62135596800	0	false	
781	1	6	4	1	3	3	0	2	2	1	1	1		-62135596800	0	false	
782	2	6	4	1	3	3	0	2	2	1	1	1		-62135596800	0	false	
783	3	6	4	1	3	3	0	2	2	1	1	1		-62135596800	0	false	
784	0	5	4	2	3	3	0	2	2	1	1	1		-62135596800	0	false	
785	1	5	4	2	3	3	0	2	2	1	1	1		-62135596800	0	false	
786	2	5	4	2	3	3	0	2	2	1	1	1		-62135596800	0	false	
787	3	5	4	2	3	3	0	2	2	1	1	1		-62135596800	0	false	
788	0	6	4	2	3	3	0	2	2	1	1	1		-62135596800	0	false	
789	1	6	4	2	3	3	0	2	2	1	1	1		-62135596800	0	false	
790	2	6	4	2	3	3	0	2	2	1	1	1		-62135596800	0	false	
791	3	6	4	2	3	3	0	2	2	1	1	1		-62135596800	0	false	
792	0	5	4	3	3	3	0	2	2	1	1	1	silver	1658246434	28.239538531	true	
793	1	5	4	3	3	3	0	2	2	1	1	1	silver	1658245068	27.2069083	true	
794	2	5	4	3	3	3	0	2	2	1	1	1	silver	1658245977	27.82863028	true	
795	3	5	4	3	3	3	0	2	2	1	1	1	silver	1658245533	27.553142362	true	
796	0	6	4	3	3	3	0	2	2	1	1	1		-62135596800	0	false	
797	1	6	4	3	3	3	0	2	2	1	1	1		-62135596800	0	false	
798	2	6	4	3	3	3	0	2	2	1	1	1		-62135596800	0	false	
799	3	6	4	3	3	3	0	2	2	1	1	1		-62135596800	0	false	
800	0	5	4	0	4	3	0	2	2	1	1	1		-62135596800	0	false	
801	1	5	4	0	4	3	0	2	2	1	1	1		-62135596800	0	false	
802	2	5	4	0	4	3	0	2	2	1	1	1		-62135596800	0	false	
803	3	5	4	0	4	3	0	2	2	1	1	1		-62135596800	0	false	
804	0	6	4	0	4	3	0	2	2	1	1	1		-62135596800	0	false	
805	1	6	4	0	4	3	0	2	2	1	1	1		-62135596800	0	false	
806	2	6	4	0	4	3	0	2	2	1	1	1		-62135596800	0	false	
807	3	6	4	0	4	3	0	2	2	1	1	1		-62135596800	0	false	
808	0	5	4	1	4	3	0	2	2	1	1	1		-62135596800	0	false	
809	1	5	4	1	4	3	0	2	2	1	1	1		-62135596800	0	false	
810	2	5	4	1	4	3	0	2	2	1	1	1		-62135596800	0	false	
811	3	5	4	1	4	3	0	2	2	1	1	1		-62135596800	0	false	
812	0	6	4	1	4	3	0	2	2	1	1	1		-62135596800	0	false	
813	1	6	4	1	4	3	0	2	2	1	1	1		-62135596800	0	false	
814	2	6	4	1	4	3	0	2	2	1	1	1		-62135596800	0	false	
815	3	6	4	1	4	3	0	2	2	1	1	1		-62135596800	0	false	
816	0	5	4	2	4	3	0	2	2	1	1	1		-62135596800	0	false	
817	1	5	4	2	4	3	0	2	2	1	1	1		-62135596800	0	false	
818	2	5	4	2	4	3	0	2	2	1	1	1		-62135596800	0	false	
819	3	5	4	2	4	3	0	2	2	1	1	1		-62135596800	0	false	
820	0	6	4	2	4	3	0	2	2	1	1	1		-62135596800	0	false	
821	1	6	4	2	4	3	0	2	2	1	1	1		-62135596800	0	false	
822	2	6	4	2	4	3	0	2	2	1	1	1		-62135596800	0	false	
823	3	6	4	2	4	3	0	2	2	1	1	1		-62135596800	0	false	
824	0	5	4	3	4	3	0	2	2	1	1	1		-62135596800	0	false	
825	1	5	4	3	4	3	0	2	2	1	1	1		-62135596800	0	false	
826	2	5	4	3	4	3	0	2	2	1	1	1		-62135596800	0	false	
827	3	5	4	3	4	3	0	2	2	1	1	1		-62135596800	0	false	
828	0	6	4	3	4	3	0	2	2	1	1	1		-62135596800	0	false	
829	1	6	4	3	4	3	0	2	2	1	1	1		-62135596800	0	false	
830	2	6	4	3	4	3	0	2	2	1	1	1		-62135596800	0	false	
831	3	6	4	3	4	3	0	2	2	1	1	1		-62135596800	0	false	
832	0	5	4	0	3	3	1	2	2	1	1	1		-62135596800	0	false	
833	1	5	4	0	3	3	1	2	2	1	1	1		-62135596800	0	false	
834	2	5	4	0	3	3	1	2	2	1	1	1		-62135596800	0	false	
835	3	5	4	0	3	3	1	2	2	1	1	1		-62135596800	0	false	
836	0	6	4	0	3	3	1	2	2	1	1	1		-62135596800	0	false	
837	1	6	4	0	3	3	1	2	2	1	1	1		-62135596800	0	false	
838	2	6	4	0	3	3	1	2	2	1	1	1		-62135596800	0	false	
839	3	6	4	0	3	3	1	2	2	1	1	1		-62135596800	0	false	
840	0	5	4	1	3	3	1	2	2	1	1	1		-62135596800	0	false	
841	1	5	4	1	3	3	1	2	2	1	1	1		-62135596800	0	false	
842	2	5	4	1	3	3	1	2	2	1	1	1		-62135596800	0	false	
843	3	5	4	1	3	3	1	2	2	1	1	1		-62135596800	0	false	
844	0	6	4	1	3	3	1	2	2	1	1	1		-62135596800	0	false	
845	1	6	4	1	3	3	1	2	2	1	1	1		-62135596800	0	false	
846	2	6	4	1	3	3	1	2	2	1	1	1		-62135596800	0	false	
847	3	6	4	1	3	3	1	2	2	1	1	1		-62135596800	0	false	
848	0	5	4	2	3	3	1	2	2	1	1	1		-62135596800	0	false	
849	1	5	4	2	3	3	1	2	2	1	1	1		-62135596800	0	false	
850	2	5	4	2	3	3	1	2	2	1	1	1		-62135596800	0	false	
851	3	5	4	2	3	3	1	2	2	1	1	1		-62135596800	0	false	
852	0	6	4	2	3	3	1	2	2	1	1	1		-62135596800	0	false	
853	1	6	4	2	3	3	1	2	2	1	1	1		-62135596800	0	false	
854	2	6	4	2	3	3	1	2	2	1	1	1		-62135596800	0	false	
855	3	6	4	2	3	3	1	2	2	1	1	1		-62135596800	0	false	
856	0	5	4	3	3	3	1	2	2	1	1	1		-62135596800	0	false	
857	1	5	4	3	3	3	1	2	2	1	1	1		-62135596800	0	false	
858	2	5	4	3	3	3	1	2	2	1	1	1		-62135596800	0	false	
859	3	5	4	3	3	3	1	2	2	1	1	1		-62135596800	0	false	
860	0	6	4	3	3	3	1	2	2	1	1	1		-62135596800	0	false	
861	1	6	4	3	3	3	1	2	2	1	1	1		-62135596800	0	false	
862	2	6	4	3	3	3	1	2	2	1	1	1		-62135596800	0	false	
863	3	6	4	3	3	3	1	2	2	1	1	1		-62135596800	0	false	
864	0	5	4	0	4	3	1	2	2	1	1	1		-62135596800	0	false	
865	1	5	4	0	4	3	1	2	2	1	1	1		-62135596800	0	false	
866	2	5	4	0	4	3	1	2	2	1	1	1		-62135596800	0	false	
867	3	5	4	0	4	3	1	2	2	1	1	1		-62135596800	0	false	
868	0	6	4	0	4	3	1	2	2	1	1	1		-62135596800	0	false	
869	1	6	4	0	4	3	1	2	2	1	1	1		-62135596800	0	false	
870	2	6	4	0	4	3	1	2	2	1	1	1		-62135596800	0	false	
871	3	6	4	0	4	3	1	2	2	1	1	1		-62135596800	0	false	
872	0	5	4	1	4	3	1	2	2	1	1	1	silver	1658261055	27.47283282	true	
873	1	5	4	1	4	3	1	2	2	1	1	1	silver	1658260597	29.977883287	true	
874	2	5	4	1	4	3	1	2	2	1	1	1	silver	1658261516	27.167248093	true	
875	3	5	4	1	4	3	1	2	2	1	1	1	silver	1658260142	31.263366224	true	
876	0	6	4	1	4	3	1	2	2	1	1	1		-62135596800	0	false	
877	1	6	4	1	4	3	1	2	2	1	1	1		-62135596800	0	false	
878	2	6	4	1	4	3	1	2	2	1	1	1		-62135596800	0	false	
879	3	6	4	1	4	3	1	2	2	1	1	1		-62135596800	0	false	
880	0	5	4	2	4	3	1	2	2	1	1	1		-62135596800	0	false	
881	1	5	4	2	4	3	1	2	2	1	1	1		-62135596800	0	false	
882	2	5	4	2	4	3	1	2	2	1	1	1		-62135596800	0	false	
883	3	5	4	2	4	3	1	2	2	1	1	1		-62135596800	0	false	
884	0	6	4	2	4	3	1	2	2	1	1	1		-62135596800	0	false	
885	1	6	4	2	4	3	1	2	2	1	1	1		-62135596800	0	false	
886	2	6	4	2	4	3	1	2	2	1	1	1		-62135596800	0	false	
887	3	6	4	2	4	3	1	2	2	1	1	1		-62135596800	0	false	
888	0	5	4	3	4	3	1	2	2	1	1	1		-62135596800	0	false	
889	1	5	4	3	4	3	1	2	2	1	1	1		-62135596800	0	false	
890	2	5	4	3	4	3	1	2	2	1	1	1		-62135596800	0	false	
891	3	5	4	3	4	3	1	2	2	1	1	1		-62135596800	0	false	
892	0	6	4	3	4	3	1	2	2	1	1	1		-62135596800	0	false	
893	1	6	4	3	4	3	1	2	2	1	1	1		-62135596800	0	false	
894	2	6	4	3	4	3	1	2	2	1	1	1		-62135596800	0	false	
895	3	6	4	3	4	3	1	2	2	1	1	1		-62135596800	0	false	
896	0	5	4	0	3	3	2	2	2	1	1	1		-62135596800	0	false	
897	1	5	4	0	3	3	2	2	2	1	1	1		-62135596800	0	false	
898	2	5	4	0	3	3	2	2	2	1	1	1		-62135596800	0	false	
899	3	5	4	0	3	3	2	2	2	1	1	1		-62135596800	0	false	
900	0	6	4	0	3	3	2	2	2	1	1	1		-62135596800	0	false	
901	1	6	4	0	3	3	2	2	2	1	1	1		-62135596800	0	false	
902	2	6	4	0	3	3	2	2	2	1	1	1		-62135596800	0	false	
903	3	6	4	0	3	3	2	2	2	1	1	1		-62135596800	0	false	
904	0	5	4	1	3	3	2	2	2	1	1	1		-62135596800	0	false	
905	1	5	4	1	3	3	2	2	2	1	1	1		-62135596800	0	false	
906	2	5	4	1	3	3	2	2	2	1	1	1		-62135596800	0	false	
907	3	5	4	1	3	3	2	2	2	1	1	1		-62135596800	0	false	
908	0	6	4	1	3	3	2	2	2	1	1	1		-62135596800	0	false	
909	1	6	4	1	3	3	2	2	2	1	1	1		-62135596800	0	false	
910	2	6	4	1	3	3	2	2	2	1	1	1		-62135596800	0	false	
911	3	6	4	1	3	3	2	2	2	1	1	1		-62135596800	0	false	
912	0	5	4	2	3	3	2	2	2	1	1	1		-62135596800	0	false	
913	1	5	4	2	3	3	2	2	2	1	1	1		-62135596800	0	false	
914	2	5	4	2	3	3	2	2	2	1	1	1		-62135596800	0	false	
915	3	5	4	2	3	3	2	2	2	1	1	1		-62135596800	0	false	
916	0	6	4	2	3	3	2	2	2	1	1	1		-62135596800	0	false	
917	1	6	4	2	3	3	2	2	2	1	1	1		-62135596800	0	false	
918	2	6	4	2	3	3	2	2	2	1	1	1		-62135596800	0	false	
919	3	6	4	2	3	3	2	2	2	1	1	1		-62135596800	0	false	
920	0	5	4	3	3	3	2	2	2	1	1	1		-62135596800	0	false	
921	1	5	4	3	3	3	2	2	2	1	1	1		-62135596800	0	false	
922	2	5	4	3	3	3	2	2	2	1	1	1		-62135596800	0	false	
923	3	5	4	3	3	3	2	2	2	1	1	1		-62135596800	0	false	
924	0	6	4	3	3	3	2	2	2	1	1	1		-62135596800	0	false	
925	1	6	4	3	3	3	2	2	2	1	1	1		-62135596800	0	false	
926	2	6	4	3	3	3	2	2	2	1	1	1		-62135596800	0	false	
927	3	6	4	3	3	3	2	2	2	1	1	1		-62135596800	0	false	
928	0	5	4	0	4	3	2	2	2	1	1	1		-62135596800	0	false	
929	1	5	4	0	4	3	2	2	2	1	1	1		-62135596800	0	false	
930	2	5	4	0	4	3	2	2	2	1	1	1		-62135596800	0	false	
931	3	5	4	0	4	3	2	2	2	1	1	1		-62135596800	0	false	
932	0	6	4	0	4	3	2	2	2	1	1	1		-62135596800	0	false	
933	1	6	4	0	4	3	2	2	2	1	1	1		-62135596800	0	false	
934	2	6	4	0	4	3	2	2	2	1	1	1		-62135596800	0	false	
935	3	6	4	0	4	3	2	2	2	1	1	1		-62135596800	0	false	
936	0	5	4	1	4	3	2	2	2	1	1	1		-62135596800	0	false	
937	1	5	4	1	4	3	2	2	2	1	1	1		-62135596800	0	false	
938	2	5	4	1	4	3	2	2	2	1	1	1		-62135596800	0	false	
939	3	5	4	1	4	3	2	2	2	1	1	1		-62135596800	0	false	
940	0	6	4	1	4	3	2	2	2	1	1	1		-62135596800	0	false	
941	1	6	4	1	4	3	2	2	2	1	1	1		-62135596800	0	false	
942	2	6	4	1	4	3	2	2	2	1	1	1		-62135596800	0	false	
943	3	6	4	1	4	3	2	2	2	1	1	1		-62135596800	0	false	
944	0	5	4	2	4	3	2	2	2	1	1	1		-62135596800	0	false	
945	1	5	4	2	4	3	2	2	2	1	1	1		-62135596800	0	false	
946	2	5	4	2	4	3	2	2	2	1	1	1		-62135596800	0	false	
947	3	5	4	2	4	3	2	2	2	1	1	1		-62135596800	0	false	
948	0	6	4	2	4	3	2	2	2	1	1	1		-62135596800	0	false	
949	1	6	4	2	4	3	2	2	2	1	1	1		-62135596800	0	false	
950	2	6	4	2	4	3	2	2	2	1	1	1		-62135596800	0	false	
951	3	6	4	2	4	3	2	2	2	1	1	1		-62135596800	0	false	
952	0	5	4	3	4	3	2	2	2	1	1	1		-62135596800	0	false	
953	1	5	4	3	4	3	2	2	2	1	1	1		-62135596800	0	false	
954	2	5	4	3	4	3	2	2	2	1	1	1		-62135596800	0	false	
955	3	5	4	3	4	3	2	2	2	1	1	1		-62135596800	0	false	
956	0	6	4	3	4	3	2	2	2	1	1	1		-62135596800	0	false	
957	1	6	4	3	4	3	2	2	2	1	1	1		-62135596800	0	false	
958	2	6	4	3	4	3	2	2	2	1	1	1		-62135596800	0	false	
959	3	6	4	3	4	3	2	2	2	1	1	1		-62135596800	0	false	
960	0	5	4	0	3	3	3	2	2	1	1	1		-62135596800	0	false	
961	1	5	4	0	3	3	3	2	2	1	1	1		-62135596800	0	false	
962	2	5	4	0	3	3	3	2	2	1	1	1		-62135596800	0	false	
963	3	5	4	0	3	3	3	2	2	1	1	1		-62135596800	0	false	
964	0	6	4	0	3	3	3	2	2	1	1	1		-62135596800	0	false	
965	1	6	4	0	3	3	3	2	2	1	1	1		-62135596800	0	false	
966	2	6	4	0	3	3	3	2	2	1	1	1		-62135596800	0	false	
967	3	6	4	0	3	3	3	2	2	1	1	1		-62135596800	0	false	
968	0	5	4	1	3	3	3	2	2	1	1	1		-62135596800	0	false	
969	1	5	4	1	3	3	3	2	2	1	1	1		-62135596800	0	false	
970	2	5	4	1	3	3	3	2	2	1	1	1		-62135596800	0	false	
971	3	5	4	1	3	3	3	2	2	1	1	1		-62135596800	0	false	
972	0	6	4	1	3	3	3	2	2	1	1	1		-62135596800	0	false	
973	1	6	4	1	3	3	3	2	2	1	1	1		-62135596800	0	false	
974	2	6	4	1	3	3	3	2	2	1	1	1		-62135596800	0	false	
975	3	6	4	1	3	3	3	2	2	1	1	1		-62135596800	0	false	
976	0	5	4	2	3	3	3	2	2	1	1	1		-62135596800	0	false	
977	1	5	4	2	3	3	3	2	2	1	1	1		-62135596800	0	false	
978	2	5	4	2	3	3	3	2	2	1	1	1		-62135596800	0	false	
979	3	5	4	2	3	3	3	2	2	1	1	1		-62135596800	0	false	
980	0	6	4	2	3	3	3	2	2	1	1	1		-62135596800	0	false	
981	1	6	4	2	3	3	3	2	2	1	1	1		-62135596800	0	false	
982	2	6	4	2	3	3	3	2	2	1	1	1		-62135596800	0	false	
983	3	6	4	2	3	3	3	2	2	1	1	1		-62135596800	0	false	
984	0	5	4	3	3	3	3	2	2	1	1	1		-62135596800	0	false	
985	1	5	4	3	3	3	3	2	2	1	1	1		-62135596800	0	false	
986	2	5	4	3	3	3	3	2	2	1	1	1		-62135596800	0	false	
987	3	5	4	3	3	3	3	2	2	1	1	1		-62135596800	0	false	
988	0	6	4	3	3	3	3	2	2	1	1	1		-62135596800	0	false	
989	1	6	4	3	3	3	3	2	2	1	1	1		-62135596800	0	false	
990	2	6	4	3	3	3	3	2	2	1	1	1		-62135596800	0	false	
991	3	6	4	3	3	3	3	2	2	1	1	1		-62135596800	0	false	
992	0	5	4	0	4	3	3	2	2	1	1	1		-62135596800	0	false	
993	1	5	4	0	4	3	3	2	2	1	1	1		-62135596800	0	false	
994	2	5	4	0	4	3	3	2	2	1	1	1		-62135596800	0	false	
995	3	5	4	0	4	3	3	2	2	1	1	1		-62135596800	0	false	
996	0	6	4	0	4	3	3	2	2	1	1	1		-62135596800	0	false	
997	1	6	4	0	4	3	3	2	2	1	1	1		-62135596800	0	false	
998	2	6	4	0	4	3	3	2	2	1	1	1		-62135596800	0	false	
999	3	6	4	0	4	3	3	2	2	1	1	1		-62135596800	0	false	
1000	0	5	4	1	4	3	3	2	2	1	1	1		-62135596800	0	false	
1001	1	5	4	1	4	3	3	2	2	1	1	1		-62135596800	0	false	
1002	2	5	4	1	4	3	3	2	2	1	1	1		-62135596800	0	false	
1003	3	5	4	1	4	3	3	2	2	1	1	1		-62135596800	0	false	
1004	0	6	4	1	4	3	3	2	2	1	1	1		-62135596800	0	false	
1005	1	6	4	1	4	3	3	2	2	1	1	1		-62135596800	0	false	
1006	2	6	4	1	4	3	3	2	2	1	1	1		-62135596800	0	false	
1007	3	6	4	1	4	3	3	2	2	1	1	1		-62135596800	0	false	
1008	0	5	4	2	4	3	3	2	2	1	1	1		-62135596800	0	false	
1009	1	5	4	2	4	3	3	2	2	1	1	1		-62135596800	0	false	
1010	2	5	4	2	4	3	3	2	2	1	1	1		-62135596800	0	false	
1011	3	5	4	2	4	3	3	2	2	1	1	1		-62135596800	0	false	
1012	0	6	4	2	4	3	3	2	2	1	1	1	silver	1658239122	28.877176774	true	
1013	1	6	4	2	4	3	3	2	2	1	1	1	silver	1658238222	27.648892063	true	
1014	2	6	4	2	4	3	3	2	2	1	1	1	silver	1658238651	24.989872045	true	
1015	3	6	4	2	4	3	3	2	2	1	1	1	silver	1658239598	27.793192271	true	
1016	0	5	4	3	4	3	3	2	2	1	1	1		-62135596800	0	false	
1017	1	5	4	3	4	3	3	2	2	1	1	1		-62135596800	0	false	
1018	2	5	4	3	4	3	3	2	2	1	1	1		-62135596800	0	false	
1019	3	5	4	3	4	3	3	2	2	1	1	1		-62135596800	0	false	
1020	0	6	4	3	4	3	3	2	2	1	1	1		-62135596800	0	false	
1021	1	6	4	3	4	3	3	2	2	1	1	1		-62135596800	0	false	
1022	2	6	4	3	4	3	3	2	2	1	1	1		-62135596800	0	false	
1023	3	6	4	3	4	3	3	2	2	1	1	1		-62135596800	0	false	
1024	0	5	4	0	3	3	0	1	2	2	1	1		-62135596800	0	false	
1025	1	5	4	0	3	3	0	1	2	2	1	1		-62135596800	0	false	
1026	2	5	4	0	3	3	0	1	2	2	1	1		-62135596800	0	false	
1027	3	5	4	0	3	3	0	1	2	2	1	1		-62135596800	0	false	
1028	0	6	4	0	3	3	0	1	2	2	1	1		-62135596800	0	false	
1029	1	6	4	0	3	3	0	1	2	2	1	1		-62135596800	0	false	
1030	2	6	4	0	3	3	0	1	2	2	1	1		-62135596800	0	false	
1031	3	6	4	0	3	3	0	1	2	2	1	1		-62135596800	0	false	
1032	0	5	4	1	3	3	0	1	2	2	1	1		-62135596800	0	false	
1033	1	5	4	1	3	3	0	1	2	2	1	1		-62135596800	0	false	
1034	2	5	4	1	3	3	0	1	2	2	1	1		-62135596800	0	false	
1035	3	5	4	1	3	3	0	1	2	2	1	1		-62135596800	0	false	
1036	0	6	4	1	3	3	0	1	2	2	1	1		-62135596800	0	false	
1037	1	6	4	1	3	3	0	1	2	2	1	1		-62135596800	0	false	
1038	2	6	4	1	3	3	0	1	2	2	1	1		-62135596800	0	false	
1039	3	6	4	1	3	3	0	1	2	2	1	1		-62135596800	0	false	
1040	0	5	4	2	3	3	0	1	2	2	1	1		-62135596800	0	false	
1041	1	5	4	2	3	3	0	1	2	2	1	1		-62135596800	0	false	
1042	2	5	4	2	3	3	0	1	2	2	1	1		-62135596800	0	false	
1043	3	5	4	2	3	3	0	1	2	2	1	1		-62135596800	0	false	
1044	0	6	4	2	3	3	0	1	2	2	1	1		-62135596800	0	false	
1045	1	6	4	2	3	3	0	1	2	2	1	1		-62135596800	0	false	
1046	2	6	4	2	3	3	0	1	2	2	1	1		-62135596800	0	false	
1047	3	6	4	2	3	3	0	1	2	2	1	1		-62135596800	0	false	
1048	0	5	4	3	3	3	0	1	2	2	1	1		-62135596800	0	false	
1049	1	5	4	3	3	3	0	1	2	2	1	1		-62135596800	0	false	
1050	2	5	4	3	3	3	0	1	2	2	1	1		-62135596800	0	false	
1051	3	5	4	3	3	3	0	1	2	2	1	1		-62135596800	0	false	
1052	0	6	4	3	3	3	0	1	2	2	1	1		-62135596800	0	false	
1053	1	6	4	3	3	3	0	1	2	2	1	1		-62135596800	0	false	
1054	2	6	4	3	3	3	0	1	2	2	1	1		-62135596800	0	false	
1055	3	6	4	3	3	3	0	1	2	2	1	1		-62135596800	0	false	
1056	0	5	4	0	4	3	0	1	2	2	1	1		-62135596800	0	false	
1057	1	5	4	0	4	3	0	1	2	2	1	1		-62135596800	0	false	
1058	2	5	4	0	4	3	0	1	2	2	1	1		-62135596800	0	false	
1059	3	5	4	0	4	3	0	1	2	2	1	1		-62135596800	0	false	
1060	0	6	4	0	4	3	0	1	2	2	1	1		-62135596800	0	false	
1061	1	6	4	0	4	3	0	1	2	2	1	1		-62135596800	0	false	
1062	2	6	4	0	4	3	0	1	2	2	1	1		-62135596800	0	false	
1063	3	6	4	0	4	3	0	1	2	2	1	1		-62135596800	0	false	
1064	0	5	4	1	4	3	0	1	2	2	1	1		-62135596800	0	false	
1065	1	5	4	1	4	3	0	1	2	2	1	1		-62135596800	0	false	
1066	2	5	4	1	4	3	0	1	2	2	1	1		-62135596800	0	false	
1067	3	5	4	1	4	3	0	1	2	2	1	1		-62135596800	0	false	
1068	0	6	4	1	4	3	0	1	2	2	1	1		-62135596800	0	false	
1069	1	6	4	1	4	3	0	1	2	2	1	1		-62135596800	0	false	
1070	2	6	4	1	4	3	0	1	2	2	1	1		-62135596800	0	false	
1071	3	6	4	1	4	3	0	1	2	2	1	1		-62135596800	0	false	
1072	0	5	4	2	4	3	0	1	2	2	1	1		-62135596800	0	false	
1073	1	5	4	2	4	3	0	1	2	2	1	1		-62135596800	0	false	
1074	2	5	4	2	4	3	0	1	2	2	1	1		-62135596800	0	false	
1075	3	5	4	2	4	3	0	1	2	2	1	1		-62135596800	0	false	
1076	0	6	4	2	4	3	0	1	2	2	1	1		-62135596800	0	false	
1077	1	6	4	2	4	3	0	1	2	2	1	1		-62135596800	0	false	
1078	2	6	4	2	4	3	0	1	2	2	1	1		-62135596800	0	false	
1079	3	6	4	2	4	3	0	1	2	2	1	1		-62135596800	0	false	
1080	0	5	4	3	4	3	0	1	2	2	1	1		-62135596800	0	false	
1081	1	5	4	3	4	3	0	1	2	2	1	1		-62135596800	0	false	
1082	2	5	4	3	4	3	0	1	2	2	1	1		-62135596800	0	false	
1083	3	5	4	3	4	3	0	1	2	2	1	1		-62135596800	0	false	
1084	0	6	4	3	4	3	0	1	2	2	1	1		-62135596800	0	false	
1085	1	6	4	3	4	3	0	1	2	2	1	1		-62135596800	0	false	
1086	2	6	4	3	4	3	0	1	2	2	1	1		-62135596800	0	false	
1087	3	6	4	3	4	3	0	1	2	2	1	1		-62135596800	0	false	
1088	0	5	4	0	3	3	1	1	2	2	1	1		-62135596800	0	false	
1089	1	5	4	0	3	3	1	1	2	2	1	1		-62135596800	0	false	
1090	2	5	4	0	3	3	1	1	2	2	1	1		-62135596800	0	false	
1091	3	5	4	0	3	3	1	1	2	2	1	1		-62135596800	0	false	
1092	0	6	4	0	3	3	1	1	2	2	1	1		-62135596800	0	false	
1093	1	6	4	0	3	3	1	1	2	2	1	1		-62135596800	0	false	
1094	2	6	4	0	3	3	1	1	2	2	1	1		-62135596800	0	false	
1095	3	6	4	0	3	3	1	1	2	2	1	1		-62135596800	0	false	
1096	0	5	4	1	3	3	1	1	2	2	1	1		-62135596800	0	false	
1097	1	5	4	1	3	3	1	1	2	2	1	1		-62135596800	0	false	
1098	2	5	4	1	3	3	1	1	2	2	1	1		-62135596800	0	false	
1099	3	5	4	1	3	3	1	1	2	2	1	1		-62135596800	0	false	
1100	0	6	4	1	3	3	1	1	2	2	1	1		-62135596800	0	false	
1101	1	6	4	1	3	3	1	1	2	2	1	1		-62135596800	0	false	
1102	2	6	4	1	3	3	1	1	2	2	1	1		-62135596800	0	false	
1103	3	6	4	1	3	3	1	1	2	2	1	1		-62135596800	0	false	
1104	0	5	4	2	3	3	1	1	2	2	1	1		-62135596800	0	false	
1105	1	5	4	2	3	3	1	1	2	2	1	1		-62135596800	0	false	
1106	2	5	4	2	3	3	1	1	2	2	1	1		-62135596800	0	false	
1107	3	5	4	2	3	3	1	1	2	2	1	1		-62135596800	0	false	
1108	0	6	4	2	3	3	1	1	2	2	1	1		-62135596800	0	false	
1109	1	6	4	2	3	3	1	1	2	2	1	1		-62135596800	0	false	
1110	2	6	4	2	3	3	1	1	2	2	1	1		-62135596800	0	false	
1111	3	6	4	2	3	3	1	1	2	2	1	1		-62135596800	0	false	
1112	0	5	4	3	3	3	1	1	2	2	1	1		-62135596800	0	false	
1113	1	5	4	3	3	3	1	1	2	2	1	1		-62135596800	0	false	
1114	2	5	4	3	3	3	1	1	2	2	1	1		-62135596800	0	false	
1115	3	5	4	3	3	3	1	1	2	2	1	1		-62135596800	0	false	
1116	0	6	4	3	3	3	1	1	2	2	1	1		-62135596800	0	false	
1117	1	6	4	3	3	3	1	1	2	2	1	1		-62135596800	0	false	
1118	2	6	4	3	3	3	1	1	2	2	1	1		-62135596800	0	false	
1119	3	6	4	3	3	3	1	1	2	2	1	1		-62135596800	0	false	
1120	0	5	4	0	4	3	1	1	2	2	1	1		-62135596800	0	false	
1121	1	5	4	0	4	3	1	1	2	2	1	1		-62135596800	0	false	
1122	2	5	4	0	4	3	1	1	2	2	1	1		-62135596800	0	false	
1123	3	5	4	0	4	3	1	1	2	2	1	1		-62135596800	0	false	
1124	0	6	4	0	4	3	1	1	2	2	1	1		-62135596800	0	false	
1125	1	6	4	0	4	3	1	1	2	2	1	1		-62135596800	0	false	
1126	2	6	4	0	4	3	1	1	2	2	1	1		-62135596800	0	false	
1127	3	6	4	0	4	3	1	1	2	2	1	1		-62135596800	0	false	
1128	0	5	4	1	4	3	1	1	2	2	1	1		-62135596800	0	false	
1129	1	5	4	1	4	3	1	1	2	2	1	1		-62135596800	0	false	
1130	2	5	4	1	4	3	1	1	2	2	1	1		-62135596800	0	false	
1131	3	5	4	1	4	3	1	1	2	2	1	1		-62135596800	0	false	
1132	0	6	4	1	4	3	1	1	2	2	1	1		-62135596800	0	false	
1133	1	6	4	1	4	3	1	1	2	2	1	1		-62135596800	0	false	
1134	2	6	4	1	4	3	1	1	2	2	1	1		-62135596800	0	false	
1135	3	6	4	1	4	3	1	1	2	2	1	1		-62135596800	0	false	
1136	0	5	4	2	4	3	1	1	2	2	1	1		-62135596800	0	false	
1137	1	5	4	2	4	3	1	1	2	2	1	1		-62135596800	0	false	
1138	2	5	4	2	4	3	1	1	2	2	1	1		-62135596800	0	false	
1139	3	5	4	2	4	3	1	1	2	2	1	1		-62135596800	0	false	
1140	0	6	4	2	4	3	1	1	2	2	1	1		-62135596800	0	false	
1141	1	6	4	2	4	3	1	1	2	2	1	1		-62135596800	0	false	
1142	2	6	4	2	4	3	1	1	2	2	1	1		-62135596800	0	false	
1143	3	6	4	2	4	3	1	1	2	2	1	1		-62135596800	0	false	
1144	0	5	4	3	4	3	1	1	2	2	1	1		-62135596800	0	false	
1145	1	5	4	3	4	3	1	1	2	2	1	1		-62135596800	0	false	
1146	2	5	4	3	4	3	1	1	2	2	1	1		-62135596800	0	false	
1147	3	5	4	3	4	3	1	1	2	2	1	1		-62135596800	0	false	
1148	0	6	4	3	4	3	1	1	2	2	1	1		-62135596800	0	false	
1149	1	6	4	3	4	3	1	1	2	2	1	1		-62135596800	0	false	
1150	2	6	4	3	4	3	1	1	2	2	1	1		-62135596800	0	false	
1151	3	6	4	3	4	3	1	1	2	2	1	1		-62135596800	0	false	
1152	0	5	4	0	3	3	2	1	2	2	1	1		-62135596800	0	false	
1153	1	5	4	0	3	3	2	1	2	2	1	1		-62135596800	0	false	
1154	2	5	4	0	3	3	2	1	2	2	1	1		-62135596800	0	false	
1155	3	5	4	0	3	3	2	1	2	2	1	1		-62135596800	0	false	
1156	0	6	4	0	3	3	2	1	2	2	1	1		-62135596800	0	false	
1157	1	6	4	0	3	3	2	1	2	2	1	1		-62135596800	0	false	
1158	2	6	4	0	3	3	2	1	2	2	1	1		-62135596800	0	false	
1159	3	6	4	0	3	3	2	1	2	2	1	1		-62135596800	0	false	
1160	0	5	4	1	3	3	2	1	2	2	1	1		-62135596800	0	false	
1161	1	5	4	1	3	3	2	1	2	2	1	1		-62135596800	0	false	
1162	2	5	4	1	3	3	2	1	2	2	1	1		-62135596800	0	false	
1163	3	5	4	1	3	3	2	1	2	2	1	1		-62135596800	0	false	
1164	0	6	4	1	3	3	2	1	2	2	1	1		-62135596800	0	false	
1165	1	6	4	1	3	3	2	1	2	2	1	1		-62135596800	0	false	
1166	2	6	4	1	3	3	2	1	2	2	1	1		-62135596800	0	false	
1167	3	6	4	1	3	3	2	1	2	2	1	1		-62135596800	0	false	
1168	0	5	4	2	3	3	2	1	2	2	1	1		-62135596800	0	false	
1169	1	5	4	2	3	3	2	1	2	2	1	1		-62135596800	0	false	
1170	2	5	4	2	3	3	2	1	2	2	1	1		-62135596800	0	false	
1171	3	5	4	2	3	3	2	1	2	2	1	1		-62135596800	0	false	
1172	0	6	4	2	3	3	2	1	2	2	1	1		-62135596800	0	false	
1173	1	6	4	2	3	3	2	1	2	2	1	1		-62135596800	0	false	
1174	2	6	4	2	3	3	2	1	2	2	1	1		-62135596800	0	false	
1175	3	6	4	2	3	3	2	1	2	2	1	1		-62135596800	0	false	
1176	0	5	4	3	3	3	2	1	2	2	1	1		-62135596800	0	false	
1177	1	5	4	3	3	3	2	1	2	2	1	1		-62135596800	0	false	
1178	2	5	4	3	3	3	2	1	2	2	1	1		-62135596800	0	false	
1179	3	5	4	3	3	3	2	1	2	2	1	1		-62135596800	0	false	
1180	0	6	4	3	3	3	2	1	2	2	1	1		-62135596800	0	false	
1181	1	6	4	3	3	3	2	1	2	2	1	1		-62135596800	0	false	
1182	2	6	4	3	3	3	2	1	2	2	1	1		-62135596800	0	false	
1183	3	6	4	3	3	3	2	1	2	2	1	1		-62135596800	0	false	
1184	0	5	4	0	4	3	2	1	2	2	1	1		-62135596800	0	false	
1185	1	5	4	0	4	3	2	1	2	2	1	1		-62135596800	0	false	
1186	2	5	4	0	4	3	2	1	2	2	1	1		-62135596800	0	false	
1187	3	5	4	0	4	3	2	1	2	2	1	1		-62135596800	0	false	
1188	0	6	4	0	4	3	2	1	2	2	1	1		-62135596800	0	false	
1189	1	6	4	0	4	3	2	1	2	2	1	1		-62135596800	0	false	
1190	2	6	4	0	4	3	2	1	2	2	1	1		-62135596800	0	false	
1191	3	6	4	0	4	3	2	1	2	2	1	1		-62135596800	0	false	
1192	0	5	4	1	4	3	2	1	2	2	1	1		-62135596800	0	false	
1193	1	5	4	1	4	3	2	1	2	2	1	1		-62135596800	0	false	
1194	2	5	4	1	4	3	2	1	2	2	1	1		-62135596800	0	false	
1195	3	5	4	1	4	3	2	1	2	2	1	1		-62135596800	0	false	
1196	0	6	4	1	4	3	2	1	2	2	1	1		-62135596800	0	false	
1197	1	6	4	1	4	3	2	1	2	2	1	1		-62135596800	0	false	
1198	2	6	4	1	4	3	2	1	2	2	1	1		-62135596800	0	false	
1199	3	6	4	1	4	3	2	1	2	2	1	1		-62135596800	0	false	
1200	0	5	4	2	4	3	2	1	2	2	1	1		-62135596800	0	false	
1201	1	5	4	2	4	3	2	1	2	2	1	1		-62135596800	0	false	
1202	2	5	4	2	4	3	2	1	2	2	1	1		-62135596800	0	false	
1203	3	5	4	2	4	3	2	1	2	2	1	1		-62135596800	0	false	
1204	0	6	4	2	4	3	2	1	2	2	1	1		-62135596800	0	false	
1205	1	6	4	2	4	3	2	1	2	2	1	1		-62135596800	0	false	
1206	2	6	4	2	4	3	2	1	2	2	1	1		-62135596800	0	false	
1207	3	6	4	2	4	3	2	1	2	2	1	1		-62135596800	0	false	
1208	0	5	4	3	4	3	2	1	2	2	1	1		-62135596800	0	false	
1209	1	5	4	3	4	3	2	1	2	2	1	1		-62135596800	0	false	
1210	2	5	4	3	4	3	2	1	2	2	1	1		-62135596800	0	false	
1211	3	5	4	3	4	3	2	1	2	2	1	1		-62135596800	0	false	
1212	0	6	4	3	4	3	2	1	2	2	1	1		-62135596800	0	false	
1213	1	6	4	3	4	3	2	1	2	2	1	1		-62135596800	0	false	
1214	2	6	4	3	4	3	2	1	2	2	1	1		-62135596800	0	false	
1215	3	6	4	3	4	3	2	1	2	2	1	1		-62135596800	0	false	
1216	0	5	4	0	3	3	3	1	2	2	1	1		-62135596800	0	false	
1217	1	5	4	0	3	3	3	1	2	2	1	1		-62135596800	0	false	
1218	2	5	4	0	3	3	3	1	2	2	1	1		-62135596800	0	false	
1219	3	5	4	0	3	3	3	1	2	2	1	1		-62135596800	0	false	
1220	0	6	4	0	3	3	3	1	2	2	1	1		-62135596800	0	false	
1221	1	6	4	0	3	3	3	1	2	2	1	1		-62135596800	0	false	
1222	2	6	4	0	3	3	3	1	2	2	1	1		-62135596800	0	false	
1223	3	6	4	0	3	3	3	1	2	2	1	1		-62135596800	0	false	
1224	0	5	4	1	3	3	3	1	2	2	1	1		-62135596800	0	false	
1225	1	5	4	1	3	3	3	1	2	2	1	1		-62135596800	0	false	
1226	2	5	4	1	3	3	3	1	2	2	1	1		-62135596800	0	false	
1227	3	5	4	1	3	3	3	1	2	2	1	1		-62135596800	0	false	
1228	0	6	4	1	3	3	3	1	2	2	1	1		-62135596800	0	false	
1229	1	6	4	1	3	3	3	1	2	2	1	1		-62135596800	0	false	
1230	2	6	4	1	3	3	3	1	2	2	1	1		-62135596800	0	false	
1231	3	6	4	1	3	3	3	1	2	2	1	1		-62135596800	0	false	
1232	0	5	4	2	3	3	3	1	2	2	1	1		-62135596800	0	false	
1233	1	5	4	2	3	3	3	1	2	2	1	1		-62135596800	0	false	
1234	2	5	4	2	3	3	3	1	2	2	1	1		-62135596800	0	false	
1235	3	5	4	2	3	3	3	1	2	2	1	1		-62135596800	0	false	
1236	0	6	4	2	3	3	3	1	2	2	1	1		-62135596800	0	false	
1237	1	6	4	2	3	3	3	1	2	2	1	1		-62135596800	0	false	
1238	2	6	4	2	3	3	3	1	2	2	1	1		-62135596800	0	false	
1239	3	6	4	2	3	3	3	1	2	2	1	1		-62135596800	0	false	
1240	0	5	4	3	3	3	3	1	2	2	1	1		-62135596800	0	false	
1241	1	5	4	3	3	3	3	1	2	2	1	1		-62135596800	0	false	
1242	2	5	4	3	3	3	3	1	2	2	1	1		-62135596800	0	false	
1243	3	5	4	3	3	3	3	1	2	2	1	1		-62135596800	0	false	
1244	0	6	4	3	3	3	3	1	2	2	1	1		-62135596800	0	false	
1245	1	6	4	3	3	3	3	1	2	2	1	1		-62135596800	0	false	
1246	2	6	4	3	3	3	3	1	2	2	1	1		-62135596800	0	false	
1247	3	6	4	3	3	3	3	1	2	2	1	1		-62135596800	0	false	
1248	0	5	4	0	4	3	3	1	2	2	1	1		-62135596800	0	false	
1249	1	5	4	0	4	3	3	1	2	2	1	1		-62135596800	0	false	
1250	2	5	4	0	4	3	3	1	2	2	1	1		-62135596800	0	false	
1251	3	5	4	0	4	3	3	1	2	2	1	1		-62135596800	0	false	
1252	0	6	4	0	4	3	3	1	2	2	1	1		-62135596800	0	false	
1253	1	6	4	0	4	3	3	1	2	2	1	1		-62135596800	0	false	
1254	2	6	4	0	4	3	3	1	2	2	1	1		-62135596800	0	false	
1255	3	6	4	0	4	3	3	1	2	2	1	1		-62135596800	0	false	
1256	0	5	4	1	4	3	3	1	2	2	1	1		-62135596800	0	false	
1257	1	5	4	1	4	3	3	1	2	2	1	1		-62135596800	0	false	
1258	2	5	4	1	4	3	3	1	2	2	1	1		-62135596800	0	false	
1259	3	5	4	1	4	3	3	1	2	2	1	1		-62135596800	0	false	
1260	0	6	4	1	4	3	3	1	2	2	1	1		-62135596800	0	false	
1261	1	6	4	1	4	3	3	1	2	2	1	1		-62135596800	0	false	
1262	2	6	4	1	4	3	3	1	2	2	1	1		-62135596800	0	false	
1263	3	6	4	1	4	3	3	1	2	2	1	1		-62135596800	0	false	
1264	0	5	4	2	4	3	3	1	2	2	1	1		-62135596800	0	false	
1265	1	5	4	2	4	3	3	1	2	2	1	1		-62135596800	0	false	
1266	2	5	4	2	4	3	3	1	2	2	1	1		-62135596800	0	false	
1267	3	5	4	2	4	3	3	1	2	2	1	1		-62135596800	0	false	
1268	0	6	4	2	4	3	3	1	2	2	1	1		-62135596800	0	false	
1269	1	6	4	2	4	3	3	1	2	2	1	1		-62135596800	0	false	
1270	2	6	4	2	4	3	3	1	2	2	1	1		-62135596800	0	false	
1271	3	6	4	2	4	3	3	1	2	2	1	1		-62135596800	0	false	
1272	0	5	4	3	4	3	3	1	2	2	1	1		-62135596800	0	false	
1273	1	5	4	3	4	3	3	1	2	2	1	1		-62135596800	0	false	
1274	2	5	4	3	4	3	3	1	2	2	1	1		-62135596800	0	false	
1275	3	5	4	3	4	3	3	1	2	2	1	1		-62135596800	0	false	
1276	0	6	4	3	4	3	3	1	2	2	1	1		-62135596800	0	false	
1277	1	6	4	3	4	3	3	1	2	2	1	1		-62135596800	0	false	
1278	2	6	4	3	4	3	3	1	2	2	1	1		-62135596800	0	false	
1279	3	6	4	3	4	3	3	1	2	2	1	1		-62135596800	0	false	
1280	0	5	4	0	3	3	0	2	2	2	1	1		-62135596800	0	false	
1281	1	5	4	0	3	3	0	2	2	2	1	1		-62135596800	0	false	
1282	2	5	4	0	3	3	0	2	2	2	1	1		-62135596800	0	false	
1283	3	5	4	0	3	3	0	2	2	2	1	1		-62135596800	0	false	
1284	0	6	4	0	3	3	0	2	2	2	1	1		-62135596800	0	false	
1285	1	6	4	0	3	3	0	2	2	2	1	1		-62135596800	0	false	
1286	2	6	4	0	3	3	0	2	2	2	1	1		-62135596800	0	false	
1287	3	6	4	0	3	3	0	2	2	2	1	1		-62135596800	0	false	
1288	0	5	4	1	3	3	0	2	2	2	1	1		-62135596800	0	false	
1289	1	5	4	1	3	3	0	2	2	2	1	1		-62135596800	0	false	
1290	2	5	4	1	3	3	0	2	2	2	1	1		-62135596800	0	false	
1291	3	5	4	1	3	3	0	2	2	2	1	1		-62135596800	0	false	
1292	0	6	4	1	3	3	0	2	2	2	1	1		-62135596800	0	false	
1293	1	6	4	1	3	3	0	2	2	2	1	1		-62135596800	0	false	
1294	2	6	4	1	3	3	0	2	2	2	1	1		-62135596800	0	false	
1295	3	6	4	1	3	3	0	2	2	2	1	1		-62135596800	0	false	
1296	0	5	4	2	3	3	0	2	2	2	1	1		-62135596800	0	false	
1297	1	5	4	2	3	3	0	2	2	2	1	1		-62135596800	0	false	
1298	2	5	4	2	3	3	0	2	2	2	1	1		-62135596800	0	false	
1299	3	5	4	2	3	3	0	2	2	2	1	1		-62135596800	0	false	
1300	0	6	4	2	3	3	0	2	2	2	1	1		-62135596800	0	false	
1301	1	6	4	2	3	3	0	2	2	2	1	1		-62135596800	0	false	
1302	2	6	4	2	3	3	0	2	2	2	1	1		-62135596800	0	false	
1303	3	6	4	2	3	3	0	2	2	2	1	1		-62135596800	0	false	
1304	0	5	4	3	3	3	0	2	2	2	1	1		-62135596800	0	false	
1305	1	5	4	3	3	3	0	2	2	2	1	1		-62135596800	0	false	
1306	2	5	4	3	3	3	0	2	2	2	1	1		-62135596800	0	false	
1307	3	5	4	3	3	3	0	2	2	2	1	1		-62135596800	0	false	
1308	0	6	4	3	3	3	0	2	2	2	1	1		-62135596800	0	false	
1309	1	6	4	3	3	3	0	2	2	2	1	1		-62135596800	0	false	
1310	2	6	4	3	3	3	0	2	2	2	1	1		-62135596800	0	false	
1311	3	6	4	3	3	3	0	2	2	2	1	1		-62135596800	0	false	
1312	0	5	4	0	4	3	0	2	2	2	1	1		-62135596800	0	false	
1313	1	5	4	0	4	3	0	2	2	2	1	1		-62135596800	0	false	
1314	2	5	4	0	4	3	0	2	2	2	1	1		-62135596800	0	false	
1315	3	5	4	0	4	3	0	2	2	2	1	1		-62135596800	0	false	
1316	0	6	4	0	4	3	0	2	2	2	1	1		-62135596800	0	false	
1317	1	6	4	0	4	3	0	2	2	2	1	1		-62135596800	0	false	
1318	2	6	4	0	4	3	0	2	2	2	1	1		-62135596800	0	false	
1319	3	6	4	0	4	3	0	2	2	2	1	1		-62135596800	0	false	
1320	0	5	4	1	4	3	0	2	2	2	1	1		-62135596800	0	false	
1321	1	5	4	1	4	3	0	2	2	2	1	1		-62135596800	0	false	
1322	2	5	4	1	4	3	0	2	2	2	1	1		-62135596800	0	false	
1323	3	5	4	1	4	3	0	2	2	2	1	1		-62135596800	0	false	
1324	0	6	4	1	4	3	0	2	2	2	1	1		-62135596800	0	false	
1325	1	6	4	1	4	3	0	2	2	2	1	1		-62135596800	0	false	
1326	2	6	4	1	4	3	0	2	2	2	1	1		-62135596800	0	false	
1327	3	6	4	1	4	3	0	2	2	2	1	1		-62135596800	0	false	
1328	0	5	4	2	4	3	0	2	2	2	1	1		-62135596800	0	false	
1329	1	5	4	2	4	3	0	2	2	2	1	1		-62135596800	0	false	
1330	2	5	4	2	4	3	0	2	2	2	1	1		-62135596800	0	false	
1331	3	5	4	2	4	3	0	2	2	2	1	1		-62135596800	0	false	
1332	0	6	4	2	4	3	0	2	2	2	1	1		-62135596800	0	false	
1333	1	6	4	2	4	3	0	2	2	2	1	1		-62135596800	0	false	
1334	2	6	4	2	4	3	0	2	2	2	1	1		-62135596800	0	false	
1335	3	6	4	2	4	3	0	2	2	2	1	1		-62135596800	0	false	
1336	0	5	4	3	4	3	0	2	2	2	1	1		-62135596800	0	false	
1337	1	5	4	3	4	3	0	2	2	2	1	1		-62135596800	0	false	
1338	2	5	4	3	4	3	0	2	2	2	1	1		-62135596800	0	false	
1339	3	5	4	3	4	3	0	2	2	2	1	1		-62135596800	0	false	
1340	0	6	4	3	4	3	0	2	2	2	1	1	silver	1658272576	26.656626332	true	
1341	1	6	4	3	4	3	0	2	2	2	1	1	silver	1658273041	29.924395478	true	
1342	2	6	4	3	4	3	0	2	2	2	1	1	silver	1658273524	26.727858422	true	
1343	3	6	4	3	4	3	0	2	2	2	1	1	silver	1658273957	26.538642407	true	
1344	0	5	4	0	3	3	1	2	2	2	1	1		-62135596800	0	false	
1345	1	5	4	0	3	3	1	2	2	2	1	1		-62135596800	0	false	
1346	2	5	4	0	3	3	1	2	2	2	1	1		-62135596800	0	false	
1347	3	5	4	0	3	3	1	2	2	2	1	1		-62135596800	0	false	
1348	0	6	4	0	3	3	1	2	2	2	1	1		-62135596800	0	false	
1349	1	6	4	0	3	3	1	2	2	2	1	1		-62135596800	0	false	
1350	2	6	4	0	3	3	1	2	2	2	1	1		-62135596800	0	false	
1351	3	6	4	0	3	3	1	2	2	2	1	1		-62135596800	0	false	
1352	0	5	4	1	3	3	1	2	2	2	1	1		-62135596800	0	false	
1353	1	5	4	1	3	3	1	2	2	2	1	1		-62135596800	0	false	
1354	2	5	4	1	3	3	1	2	2	2	1	1		-62135596800	0	false	
1355	3	5	4	1	3	3	1	2	2	2	1	1		-62135596800	0	false	
1356	0	6	4	1	3	3	1	2	2	2	1	1		-62135596800	0	false	
1357	1	6	4	1	3	3	1	2	2	2	1	1		-62135596800	0	false	
1358	2	6	4	1	3	3	1	2	2	2	1	1		-62135596800	0	false	
1359	3	6	4	1	3	3	1	2	2	2	1	1		-62135596800	0	false	
1360	0	5	4	2	3	3	1	2	2	2	1	1		-62135596800	0	false	
1361	1	5	4	2	3	3	1	2	2	2	1	1		-62135596800	0	false	
1362	2	5	4	2	3	3	1	2	2	2	1	1		-62135596800	0	false	
1363	3	5	4	2	3	3	1	2	2	2	1	1		-62135596800	0	false	
1364	0	6	4	2	3	3	1	2	2	2	1	1		-62135596800	0	false	
1365	1	6	4	2	3	3	1	2	2	2	1	1		-62135596800	0	false	
1366	2	6	4	2	3	3	1	2	2	2	1	1		-62135596800	0	false	
1367	3	6	4	2	3	3	1	2	2	2	1	1		-62135596800	0	false	
1368	0	5	4	3	3	3	1	2	2	2	1	1		-62135596800	0	false	
1369	1	5	4	3	3	3	1	2	2	2	1	1		-62135596800	0	false	
1370	2	5	4	3	3	3	1	2	2	2	1	1		-62135596800	0	false	
1371	3	5	4	3	3	3	1	2	2	2	1	1		-62135596800	0	false	
1372	0	6	4	3	3	3	1	2	2	2	1	1		-62135596800	0	false	
1373	1	6	4	3	3	3	1	2	2	2	1	1		-62135596800	0	false	
1374	2	6	4	3	3	3	1	2	2	2	1	1		-62135596800	0	false	
1375	3	6	4	3	3	3	1	2	2	2	1	1		-62135596800	0	false	
1376	0	5	4	0	4	3	1	2	2	2	1	1		-62135596800	0	false	
1377	1	5	4	0	4	3	1	2	2	2	1	1		-62135596800	0	false	
1378	2	5	4	0	4	3	1	2	2	2	1	1		-62135596800	0	false	
1379	3	5	4	0	4	3	1	2	2	2	1	1		-62135596800	0	false	
1380	0	6	4	0	4	3	1	2	2	2	1	1		-62135596800	0	false	
1381	1	6	4	0	4	3	1	2	2	2	1	1		-62135596800	0	false	
1382	2	6	4	0	4	3	1	2	2	2	1	1		-62135596800	0	false	
1383	3	6	4	0	4	3	1	2	2	2	1	1		-62135596800	0	false	
1384	0	5	4	1	4	3	1	2	2	2	1	1	silver	1658264006	27.42897278	true	
1385	1	5	4	1	4	3	1	2	2	2	1	1	silver	1658264471	29.764045671	true	
1386	2	5	4	1	4	3	1	2	2	2	1	1	silver	1658264949	26.719906223	true	
1387	3	5	4	1	4	3	1	2	2	2	1	1	silver	1658263551	29.256249015	true	
1388	0	6	4	1	4	3	1	2	2	2	1	1	silver	1658265414	25.971906101	true	
1389	1	6	4	1	4	3	1	2	2	2	1	1	silver	1658266815	27.482285179	true	
1390	2	6	4	1	4	3	1	2	2	2	1	1	silver	1658266345	27.446014587	true	
1391	3	6	4	1	4	3	1	2	2	2	1	1	silver	1658265883	26.026123988	true	
1392	0	5	4	2	4	3	1	2	2	2	1	1		-62135596800	0	false	
1393	1	5	4	2	4	3	1	2	2	2	1	1		-62135596800	0	false	
1394	2	5	4	2	4	3	1	2	2	2	1	1		-62135596800	0	false	
1395	3	5	4	2	4	3	1	2	2	2	1	1		-62135596800	0	false	
1396	0	6	4	2	4	3	1	2	2	2	1	1		-62135596800	0	false	
1397	1	6	4	2	4	3	1	2	2	2	1	1		-62135596800	0	false	
1398	2	6	4	2	4	3	1	2	2	2	1	1		-62135596800	0	false	
1399	3	6	4	2	4	3	1	2	2	2	1	1		-62135596800	0	false	
1400	0	5	4	3	4	3	1	2	2	2	1	1		-62135596800	0	false	
1401	1	5	4	3	4	3	1	2	2	2	1	1		-62135596800	0	false	
1402	2	5	4	3	4	3	1	2	2	2	1	1		-62135596800	0	false	
1403	3	5	4	3	4	3	1	2	2	2	1	1		-62135596800	0	false	
1404	0	6	4	3	4	3	1	2	2	2	1	1		-62135596800	0	false	
1405	1	6	4	3	4	3	1	2	2	2	1	1		-62135596800	0	false	
1406	2	6	4	3	4	3	1	2	2	2	1	1		-62135596800	0	false	
1407	3	6	4	3	4	3	1	2	2	2	1	1		-62135596800	0	false	
1408	0	5	4	0	3	3	2	2	2	2	1	1		-62135596800	0	false	
1409	1	5	4	0	3	3	2	2	2	2	1	1		-62135596800	0	false	
1410	2	5	4	0	3	3	2	2	2	2	1	1		-62135596800	0	false	
1411	3	5	4	0	3	3	2	2	2	2	1	1		-62135596800	0	false	
1412	0	6	4	0	3	3	2	2	2	2	1	1		-62135596800	0	false	
1413	1	6	4	0	3	3	2	2	2	2	1	1		-62135596800	0	false	
1414	2	6	4	0	3	3	2	2	2	2	1	1		-62135596800	0	false	
1415	3	6	4	0	3	3	2	2	2	2	1	1		-62135596800	0	false	
1416	0	5	4	1	3	3	2	2	2	2	1	1		-62135596800	0	false	
1417	1	5	4	1	3	3	2	2	2	2	1	1		-62135596800	0	false	
1418	2	5	4	1	3	3	2	2	2	2	1	1		-62135596800	0	false	
1419	3	5	4	1	3	3	2	2	2	2	1	1		-62135596800	0	false	
1420	0	6	4	1	3	3	2	2	2	2	1	1		-62135596800	0	false	
1421	1	6	4	1	3	3	2	2	2	2	1	1		-62135596800	0	false	
1422	2	6	4	1	3	3	2	2	2	2	1	1		-62135596800	0	false	
1423	3	6	4	1	3	3	2	2	2	2	1	1		-62135596800	0	false	
1424	0	5	4	2	3	3	2	2	2	2	1	1		-62135596800	0	false	
1425	1	5	4	2	3	3	2	2	2	2	1	1		-62135596800	0	false	
1426	2	5	4	2	3	3	2	2	2	2	1	1		-62135596800	0	false	
1427	3	5	4	2	3	3	2	2	2	2	1	1		-62135596800	0	false	
1428	0	6	4	2	3	3	2	2	2	2	1	1		-62135596800	0	false	
1429	1	6	4	2	3	3	2	2	2	2	1	1		-62135596800	0	false	
1430	2	6	4	2	3	3	2	2	2	2	1	1		-62135596800	0	false	
1431	3	6	4	2	3	3	2	2	2	2	1	1		-62135596800	0	false	
1432	0	5	4	3	3	3	2	2	2	2	1	1		-62135596800	0	false	
1433	1	5	4	3	3	3	2	2	2	2	1	1		-62135596800	0	false	
1434	2	5	4	3	3	3	2	2	2	2	1	1		-62135596800	0	false	
1435	3	5	4	3	3	3	2	2	2	2	1	1		-62135596800	0	false	
1436	0	6	4	3	3	3	2	2	2	2	1	1	silver	1658270695	26.203339997	true	
1437	1	6	4	3	3	3	2	2	2	2	1	1	silver	1658272107	26.092921991	true	
1438	2	6	4	3	3	3	2	2	2	2	1	1	silver	1658271631	29.899038653	true	
1439	3	6	4	3	3	3	2	2	2	2	1	1	silver	1658271164	27.416728314	true	
1440	0	5	4	0	4	3	2	2	2	2	1	1		-62135596800	0	false	
1441	1	5	4	0	4	3	2	2	2	2	1	1		-62135596800	0	false	
1442	2	5	4	0	4	3	2	2	2	2	1	1		-62135596800	0	false	
1443	3	5	4	0	4	3	2	2	2	2	1	1		-62135596800	0	false	
1444	0	6	4	0	4	3	2	2	2	2	1	1		-62135596800	0	false	
1445	1	6	4	0	4	3	2	2	2	2	1	1		-62135596800	0	false	
1446	2	6	4	0	4	3	2	2	2	2	1	1		-62135596800	0	false	
1447	3	6	4	0	4	3	2	2	2	2	1	1		-62135596800	0	false	
1448	0	5	4	1	4	3	2	2	2	2	1	1		-62135596800	0	false	
1449	1	5	4	1	4	3	2	2	2	2	1	1		-62135596800	0	false	
1450	2	5	4	1	4	3	2	2	2	2	1	1		-62135596800	0	false	
1451	3	5	4	1	4	3	2	2	2	2	1	1		-62135596800	0	false	
1452	0	6	4	1	4	3	2	2	2	2	1	1		-62135596800	0	false	
1453	1	6	4	1	4	3	2	2	2	2	1	1		-62135596800	0	false	
1454	2	6	4	1	4	3	2	2	2	2	1	1		-62135596800	0	false	
1455	3	6	4	1	4	3	2	2	2	2	1	1		-62135596800	0	false	
1456	0	5	4	2	4	3	2	2	2	2	1	1		-62135596800	0	false	
1457	1	5	4	2	4	3	2	2	2	2	1	1		-62135596800	0	false	
1458	2	5	4	2	4	3	2	2	2	2	1	1		-62135596800	0	false	
1459	3	5	4	2	4	3	2	2	2	2	1	1		-62135596800	0	false	
1460	0	6	4	2	4	3	2	2	2	2	1	1		-62135596800	0	false	
1461	1	6	4	2	4	3	2	2	2	2	1	1		-62135596800	0	false	
1462	2	6	4	2	4	3	2	2	2	2	1	1		-62135596800	0	false	
1463	3	6	4	2	4	3	2	2	2	2	1	1		-62135596800	0	false	
1464	0	5	4	3	4	3	2	2	2	2	1	1		-62135596800	0	false	
1465	1	5	4	3	4	3	2	2	2	2	1	1		-62135596800	0	false	
1466	2	5	4	3	4	3	2	2	2	2	1	1		-62135596800	0	false	
1467	3	5	4	3	4	3	2	2	2	2	1	1		-62135596800	0	false	
1468	0	6	4	3	4	3	2	2	2	2	1	1		-62135596800	0	false	
1469	1	6	4	3	4	3	2	2	2	2	1	1		-62135596800	0	false	
1470	2	6	4	3	4	3	2	2	2	2	1	1		-62135596800	0	false	
1471	3	6	4	3	4	3	2	2	2	2	1	1		-62135596800	0	false	
1472	0	5	4	0	3	3	3	2	2	2	1	1		-62135596800	0	false	
1473	1	5	4	0	3	3	3	2	2	2	1	1		-62135596800	0	false	
1474	2	5	4	0	3	3	3	2	2	2	1	1		-62135596800	0	false	
1475	3	5	4	0	3	3	3	2	2	2	1	1		-62135596800	0	false	
1476	0	6	4	0	3	3	3	2	2	2	1	1		-62135596800	0	false	
1477	1	6	4	0	3	3	3	2	2	2	1	1		-62135596800	0	false	
1478	2	6	4	0	3	3	3	2	2	2	1	1		-62135596800	0	false	
1479	3	6	4	0	3	3	3	2	2	2	1	1		-62135596800	0	false	
1480	0	5	4	1	3	3	3	2	2	2	1	1		-62135596800	0	false	
1481	1	5	4	1	3	3	3	2	2	2	1	1		-62135596800	0	false	
1482	2	5	4	1	3	3	3	2	2	2	1	1		-62135596800	0	false	
1483	3	5	4	1	3	3	3	2	2	2	1	1		-62135596800	0	false	
1484	0	6	4	1	3	3	3	2	2	2	1	1		-62135596800	0	false	
1485	1	6	4	1	3	3	3	2	2	2	1	1		-62135596800	0	false	
1486	2	6	4	1	3	3	3	2	2	2	1	1		-62135596800	0	false	
1487	3	6	4	1	3	3	3	2	2	2	1	1		-62135596800	0	false	
1488	0	5	4	2	3	3	3	2	2	2	1	1		-62135596800	0	false	
1489	1	5	4	2	3	3	3	2	2	2	1	1		-62135596800	0	false	
1490	2	5	4	2	3	3	3	2	2	2	1	1		-62135596800	0	false	
1491	3	5	4	2	3	3	3	2	2	2	1	1		-62135596800	0	false	
1492	0	6	4	2	3	3	3	2	2	2	1	1		-62135596800	0	false	
1493	1	6	4	2	3	3	3	2	2	2	1	1		-62135596800	0	false	
1494	2	6	4	2	3	3	3	2	2	2	1	1		-62135596800	0	false	
1495	3	6	4	2	3	3	3	2	2	2	1	1		-62135596800	0	false	
1496	0	5	4	3	3	3	3	2	2	2	1	1		-62135596800	0	false	
1497	1	5	4	3	3	3	3	2	2	2	1	1		-62135596800	0	false	
1498	2	5	4	3	3	3	3	2	2	2	1	1		-62135596800	0	false	
1499	3	5	4	3	3	3	3	2	2	2	1	1		-62135596800	0	false	
1500	0	6	4	3	3	3	3	2	2	2	1	1		-62135596800	0	false	
1501	1	6	4	3	3	3	3	2	2	2	1	1		-62135596800	0	false	
1502	2	6	4	3	3	3	3	2	2	2	1	1		-62135596800	0	false	
1503	3	6	4	3	3	3	3	2	2	2	1	1		-62135596800	0	false	
1504	0	5	4	0	4	3	3	2	2	2	1	1		-62135596800	0	false	
1505	1	5	4	0	4	3	3	2	2	2	1	1		-62135596800	0	false	
1506	2	5	4	0	4	3	3	2	2	2	1	1		-62135596800	0	false	
1507	3	5	4	0	4	3	3	2	2	2	1	1		-62135596800	0	false	
1508	0	6	4	0	4	3	3	2	2	2	1	1		-62135596800	0	false	
1509	1	6	4	0	4	3	3	2	2	2	1	1		-62135596800	0	false	
1510	2	6	4	0	4	3	3	2	2	2	1	1		-62135596800	0	false	
1511	3	6	4	0	4	3	3	2	2	2	1	1		-62135596800	0	false	
1512	0	5	4	1	4	3	3	2	2	2	1	1		-62135596800	0	false	
1513	1	5	4	1	4	3	3	2	2	2	1	1		-62135596800	0	false	
1514	2	5	4	1	4	3	3	2	2	2	1	1		-62135596800	0	false	
1515	3	5	4	1	4	3	3	2	2	2	1	1		-62135596800	0	false	
1516	0	6	4	1	4	3	3	2	2	2	1	1		-62135596800	0	false	
1517	1	6	4	1	4	3	3	2	2	2	1	1		-62135596800	0	false	
1518	2	6	4	1	4	3	3	2	2	2	1	1		-62135596800	0	false	
1519	3	6	4	1	4	3	3	2	2	2	1	1		-62135596800	0	false	
1520	0	5	4	2	4	3	3	2	2	2	1	1		-62135596800	0	false	
1521	1	5	4	2	4	3	3	2	2	2	1	1		-62135596800	0	false	
1522	2	5	4	2	4	3	3	2	2	2	1	1		-62135596800	0	false	
1523	3	5	4	2	4	3	3	2	2	2	1	1		-62135596800	0	false	
1524	0	6	4	2	4	3	3	2	2	2	1	1		-62135596800	0	false	
1525	1	6	4	2	4	3	3	2	2	2	1	1		-62135596800	0	false	
1526	2	6	4	2	4	3	3	2	2	2	1	1		-62135596800	0	false	
1527	3	6	4	2	4	3	3	2	2	2	1	1		-62135596800	0	false	
1528	0	5	4	3	4	3	3	2	2	2	1	1		-62135596800	0	false	
1529	1	5	4	3	4	3	3	2	2	2	1	1		-62135596800	0	false	
1530	2	5	4	3	4	3	3	2	2	2	1	1		-62135596800	0	false	
1531	3	5	4	3	4	3	3	2	2	2	1	1		-62135596800	0	false	
1532	0	6	4	3	4	3	3	2	2	2	1	1		-62135596800	0	false	
1533	1	6	4	3	4	3	3	2	2	2	1	1		-62135596800	0	false	
1534	2	6	4	3	4	3	3	2	2	2	1	1		-62135596800	0	false	
1535	3	6	4	3	4	3	3	2	2	2	1	1		-62135596800	0	false	
1536	0	5	4	0	3	3	0	1	2	3	1	1		-62135596800	0	false	
1537	1	5	4	0	3	3	0	1	2	3	1	1		-62135596800	0	false	
1538	2	5	4	0	3	3	0	1	2	3	1	1		-62135596800	0	false	
1539	3	5	4	0	3	3	0	1	2	3	1	1		-62135596800	0	false	
1540	0	6	4	0	3	3	0	1	2	3	1	1		-62135596800	0	false	
1541	1	6	4	0	3	3	0	1	2	3	1	1		-62135596800	0	false	
1542	2	6	4	0	3	3	0	1	2	3	1	1		-62135596800	0	false	
1543	3	6	4	0	3	3	0	1	2	3	1	1		-62135596800	0	false	
1544	0	5	4	1	3	3	0	1	2	3	1	1		-62135596800	0	false	
1545	1	5	4	1	3	3	0	1	2	3	1	1		-62135596800	0	false	
1546	2	5	4	1	3	3	0	1	2	3	1	1		-62135596800	0	false	
1547	3	5	4	1	3	3	0	1	2	3	1	1		-62135596800	0	false	
1548	0	6	4	1	3	3	0	1	2	3	1	1		-62135596800	0	false	
1549	1	6	4	1	3	3	0	1	2	3	1	1		-62135596800	0	false	
1550	2	6	4	1	3	3	0	1	2	3	1	1		-62135596800	0	false	
1551	3	6	4	1	3	3	0	1	2	3	1	1		-62135596800	0	false	
1552	0	5	4	2	3	3	0	1	2	3	1	1		-62135596800	0	false	
1553	1	5	4	2	3	3	0	1	2	3	1	1		-62135596800	0	false	
1554	2	5	4	2	3	3	0	1	2	3	1	1		-62135596800	0	false	
1555	3	5	4	2	3	3	0	1	2	3	1	1		-62135596800	0	false	
1556	0	6	4	2	3	3	0	1	2	3	1	1		-62135596800	0	false	
1557	1	6	4	2	3	3	0	1	2	3	1	1		-62135596800	0	false	
1558	2	6	4	2	3	3	0	1	2	3	1	1		-62135596800	0	false	
1559	3	6	4	2	3	3	0	1	2	3	1	1		-62135596800	0	false	
1560	0	5	4	3	3	3	0	1	2	3	1	1		-62135596800	0	false	
1561	1	5	4	3	3	3	0	1	2	3	1	1		-62135596800	0	false	
1562	2	5	4	3	3	3	0	1	2	3	1	1		-62135596800	0	false	
1563	3	5	4	3	3	3	0	1	2	3	1	1		-62135596800	0	false	
1564	0	6	4	3	3	3	0	1	2	3	1	1		-62135596800	0	false	
1565	1	6	4	3	3	3	0	1	2	3	1	1		-62135596800	0	false	
1566	2	6	4	3	3	3	0	1	2	3	1	1		-62135596800	0	false	
1567	3	6	4	3	3	3	0	1	2	3	1	1		-62135596800	0	false	
1568	0	5	4	0	4	3	0	1	2	3	1	1		-62135596800	0	false	
1569	1	5	4	0	4	3	0	1	2	3	1	1		-62135596800	0	false	
1570	2	5	4	0	4	3	0	1	2	3	1	1		-62135596800	0	false	
1571	3	5	4	0	4	3	0	1	2	3	1	1		-62135596800	0	false	
1572	0	6	4	0	4	3	0	1	2	3	1	1		-62135596800	0	false	
1573	1	6	4	0	4	3	0	1	2	3	1	1		-62135596800	0	false	
1574	2	6	4	0	4	3	0	1	2	3	1	1		-62135596800	0	false	
1575	3	6	4	0	4	3	0	1	2	3	1	1		-62135596800	0	false	
1576	0	5	4	1	4	3	0	1	2	3	1	1		-62135596800	0	false	
1577	1	5	4	1	4	3	0	1	2	3	1	1		-62135596800	0	false	
1578	2	5	4	1	4	3	0	1	2	3	1	1		-62135596800	0	false	
1579	3	5	4	1	4	3	0	1	2	3	1	1		-62135596800	0	false	
1580	0	6	4	1	4	3	0	1	2	3	1	1		-62135596800	0	false	
1581	1	6	4	1	4	3	0	1	2	3	1	1		-62135596800	0	false	
1582	2	6	4	1	4	3	0	1	2	3	1	1		-62135596800	0	false	
1583	3	6	4	1	4	3	0	1	2	3	1	1		-62135596800	0	false	
1584	0	5	4	2	4	3	0	1	2	3	1	1		-62135596800	0	false	
1585	1	5	4	2	4	3	0	1	2	3	1	1		-62135596800	0	false	
1586	2	5	4	2	4	3	0	1	2	3	1	1		-62135596800	0	false	
1587	3	5	4	2	4	3	0	1	2	3	1	1		-62135596800	0	false	
1588	0	6	4	2	4	3	0	1	2	3	1	1		-62135596800	0	false	
1589	1	6	4	2	4	3	0	1	2	3	1	1		-62135596800	0	false	
1590	2	6	4	2	4	3	0	1	2	3	1	1		-62135596800	0	false	
1591	3	6	4	2	4	3	0	1	2	3	1	1		-62135596800	0	false	
1592	0	5	4	3	4	3	0	1	2	3	1	1		-62135596800	0	false	
1593	1	5	4	3	4	3	0	1	2	3	1	1		-62135596800	0	false	
1594	2	5	4	3	4	3	0	1	2	3	1	1		-62135596800	0	false	
1595	3	5	4	3	4	3	0	1	2	3	1	1		-62135596800	0	false	
1596	0	6	4	3	4	3	0	1	2	3	1	1		-62135596800	0	false	
1597	1	6	4	3	4	3	0	1	2	3	1	1		-62135596800	0	false	
1598	2	6	4	3	4	3	0	1	2	3	1	1		-62135596800	0	false	
1599	3	6	4	3	4	3	0	1	2	3	1	1		-62135596800	0	false	
1600	0	5	4	0	3	3	1	1	2	3	1	1		-62135596800	0	false	
1601	1	5	4	0	3	3	1	1	2	3	1	1		-62135596800	0	false	
1602	2	5	4	0	3	3	1	1	2	3	1	1		-62135596800	0	false	
1603	3	5	4	0	3	3	1	1	2	3	1	1		-62135596800	0	false	
1604	0	6	4	0	3	3	1	1	2	3	1	1		-62135596800	0	false	
1605	1	6	4	0	3	3	1	1	2	3	1	1		-62135596800	0	false	
1606	2	6	4	0	3	3	1	1	2	3	1	1		-62135596800	0	false	
1607	3	6	4	0	3	3	1	1	2	3	1	1		-62135596800	0	false	
1608	0	5	4	1	3	3	1	1	2	3	1	1		-62135596800	0	false	
1609	1	5	4	1	3	3	1	1	2	3	1	1		-62135596800	0	false	
1610	2	5	4	1	3	3	1	1	2	3	1	1		-62135596800	0	false	
1611	3	5	4	1	3	3	1	1	2	3	1	1		-62135596800	0	false	
1612	0	6	4	1	3	3	1	1	2	3	1	1		-62135596800	0	false	
1613	1	6	4	1	3	3	1	1	2	3	1	1		-62135596800	0	false	
1614	2	6	4	1	3	3	1	1	2	3	1	1		-62135596800	0	false	
1615	3	6	4	1	3	3	1	1	2	3	1	1		-62135596800	0	false	
1616	0	5	4	2	3	3	1	1	2	3	1	1		-62135596800	0	false	
1617	1	5	4	2	3	3	1	1	2	3	1	1		-62135596800	0	false	
1618	2	5	4	2	3	3	1	1	2	3	1	1		-62135596800	0	false	
1619	3	5	4	2	3	3	1	1	2	3	1	1		-62135596800	0	false	
1620	0	6	4	2	3	3	1	1	2	3	1	1		-62135596800	0	false	
1621	1	6	4	2	3	3	1	1	2	3	1	1		-62135596800	0	false	
1622	2	6	4	2	3	3	1	1	2	3	1	1		-62135596800	0	false	
1623	3	6	4	2	3	3	1	1	2	3	1	1		-62135596800	0	false	
1624	0	5	4	3	3	3	1	1	2	3	1	1		-62135596800	0	false	
1625	1	5	4	3	3	3	1	1	2	3	1	1		-62135596800	0	false	
1626	2	5	4	3	3	3	1	1	2	3	1	1		-62135596800	0	false	
1627	3	5	4	3	3	3	1	1	2	3	1	1		-62135596800	0	false	
1628	0	6	4	3	3	3	1	1	2	3	1	1		-62135596800	0	false	
1629	1	6	4	3	3	3	1	1	2	3	1	1		-62135596800	0	false	
1630	2	6	4	3	3	3	1	1	2	3	1	1		-62135596800	0	false	
1631	3	6	4	3	3	3	1	1	2	3	1	1		-62135596800	0	false	
1632	0	5	4	0	4	3	1	1	2	3	1	1		-62135596800	0	false	
1633	1	5	4	0	4	3	1	1	2	3	1	1		-62135596800	0	false	
1634	2	5	4	0	4	3	1	1	2	3	1	1		-62135596800	0	false	
1635	3	5	4	0	4	3	1	1	2	3	1	1		-62135596800	0	false	
1636	0	6	4	0	4	3	1	1	2	3	1	1		-62135596800	0	false	
1637	1	6	4	0	4	3	1	1	2	3	1	1		-62135596800	0	false	
1638	2	6	4	0	4	3	1	1	2	3	1	1		-62135596800	0	false	
1639	3	6	4	0	4	3	1	1	2	3	1	1		-62135596800	0	false	
1640	0	5	4	1	4	3	1	1	2	3	1	1		-62135596800	0	false	
1641	1	5	4	1	4	3	1	1	2	3	1	1		-62135596800	0	false	
1642	2	5	4	1	4	3	1	1	2	3	1	1		-62135596800	0	false	
1643	3	5	4	1	4	3	1	1	2	3	1	1		-62135596800	0	false	
1644	0	6	4	1	4	3	1	1	2	3	1	1		-62135596800	0	false	
1645	1	6	4	1	4	3	1	1	2	3	1	1		-62135596800	0	false	
1646	2	6	4	1	4	3	1	1	2	3	1	1		-62135596800	0	false	
1647	3	6	4	1	4	3	1	1	2	3	1	1		-62135596800	0	false	
1648	0	5	4	2	4	3	1	1	2	3	1	1		-62135596800	0	false	
1649	1	5	4	2	4	3	1	1	2	3	1	1		-62135596800	0	false	
1650	2	5	4	2	4	3	1	1	2	3	1	1		-62135596800	0	false	
1651	3	5	4	2	4	3	1	1	2	3	1	1		-62135596800	0	false	
1652	0	6	4	2	4	3	1	1	2	3	1	1		-62135596800	0	false	
1653	1	6	4	2	4	3	1	1	2	3	1	1		-62135596800	0	false	
1654	2	6	4	2	4	3	1	1	2	3	1	1		-62135596800	0	false	
1655	3	6	4	2	4	3	1	1	2	3	1	1		-62135596800	0	false	
1656	0	5	4	3	4	3	1	1	2	3	1	1		-62135596800	0	false	
1657	1	5	4	3	4	3	1	1	2	3	1	1		-62135596800	0	false	
1658	2	5	4	3	4	3	1	1	2	3	1	1		-62135596800	0	false	
1659	3	5	4	3	4	3	1	1	2	3	1	1		-62135596800	0	false	
1660	0	6	4	3	4	3	1	1	2	3	1	1		-62135596800	0	false	
1661	1	6	4	3	4	3	1	1	2	3	1	1		-62135596800	0	false	
1662	2	6	4	3	4	3	1	1	2	3	1	1		-62135596800	0	false	
1663	3	6	4	3	4	3	1	1	2	3	1	1		-62135596800	0	false	
1664	0	5	4	0	3	3	2	1	2	3	1	1		-62135596800	0	false	
1665	1	5	4	0	3	3	2	1	2	3	1	1		-62135596800	0	false	
1666	2	5	4	0	3	3	2	1	2	3	1	1		-62135596800	0	false	
1667	3	5	4	0	3	3	2	1	2	3	1	1		-62135596800	0	false	
1668	0	6	4	0	3	3	2	1	2	3	1	1		-62135596800	0	false	
1669	1	6	4	0	3	3	2	1	2	3	1	1		-62135596800	0	false	
1670	2	6	4	0	3	3	2	1	2	3	1	1		-62135596800	0	false	
1671	3	6	4	0	3	3	2	1	2	3	1	1		-62135596800	0	false	
1672	0	5	4	1	3	3	2	1	2	3	1	1		-62135596800	0	false	
1673	1	5	4	1	3	3	2	1	2	3	1	1		-62135596800	0	false	
1674	2	5	4	1	3	3	2	1	2	3	1	1		-62135596800	0	false	
1675	3	5	4	1	3	3	2	1	2	3	1	1		-62135596800	0	false	
1676	0	6	4	1	3	3	2	1	2	3	1	1	silver	1658268850	30.499338521	true	
1677	1	6	4	1	3	3	2	1	2	3	1	1	silver	1658269792	28.28229693	true	
1678	2	6	4	1	3	3	2	1	2	3	1	1	silver	1658270233	27.78492851	true	
1679	3	6	4	1	3	3	2	1	2	3	1	1	silver	1658269316	29.235785676	true	
1680	0	5	4	2	3	3	2	1	2	3	1	1		-62135596800	0	false	
1681	1	5	4	2	3	3	2	1	2	3	1	1		-62135596800	0	false	
1682	2	5	4	2	3	3	2	1	2	3	1	1		-62135596800	0	false	
1683	3	5	4	2	3	3	2	1	2	3	1	1		-62135596800	0	false	
1684	0	6	4	2	3	3	2	1	2	3	1	1		-62135596800	0	false	
1685	1	6	4	2	3	3	2	1	2	3	1	1		-62135596800	0	false	
1686	2	6	4	2	3	3	2	1	2	3	1	1		-62135596800	0	false	
1687	3	6	4	2	3	3	2	1	2	3	1	1		-62135596800	0	false	
1688	0	5	4	3	3	3	2	1	2	3	1	1		-62135596800	0	false	
1689	1	5	4	3	3	3	2	1	2	3	1	1		-62135596800	0	false	
1690	2	5	4	3	3	3	2	1	2	3	1	1		-62135596800	0	false	
1691	3	5	4	3	3	3	2	1	2	3	1	1		-62135596800	0	false	
1692	0	6	4	3	3	3	2	1	2	3	1	1		-62135596800	0	false	
1693	1	6	4	3	3	3	2	1	2	3	1	1		-62135596800	0	false	
1694	2	6	4	3	3	3	2	1	2	3	1	1		-62135596800	0	false	
1695	3	6	4	3	3	3	2	1	2	3	1	1		-62135596800	0	false	
1696	0	5	4	0	4	3	2	1	2	3	1	1		-62135596800	0	false	
1697	1	5	4	0	4	3	2	1	2	3	1	1		-62135596800	0	false	
1698	2	5	4	0	4	3	2	1	2	3	1	1		-62135596800	0	false	
1699	3	5	4	0	4	3	2	1	2	3	1	1		-62135596800	0	false	
1700	0	6	4	0	4	3	2	1	2	3	1	1		-62135596800	0	false	
1701	1	6	4	0	4	3	2	1	2	3	1	1		-62135596800	0	false	
1702	2	6	4	0	4	3	2	1	2	3	1	1		-62135596800	0	false	
1703	3	6	4	0	4	3	2	1	2	3	1	1		-62135596800	0	false	
1704	0	5	4	1	4	3	2	1	2	3	1	1		-62135596800	0	false	
1705	1	5	4	1	4	3	2	1	2	3	1	1		-62135596800	0	false	
1706	2	5	4	1	4	3	2	1	2	3	1	1		-62135596800	0	false	
1707	3	5	4	1	4	3	2	1	2	3	1	1		-62135596800	0	false	
1708	0	6	4	1	4	3	2	1	2	3	1	1		-62135596800	0	false	
1709	1	6	4	1	4	3	2	1	2	3	1	1		-62135596800	0	false	
1710	2	6	4	1	4	3	2	1	2	3	1	1		-62135596800	0	false	
1711	3	6	4	1	4	3	2	1	2	3	1	1		-62135596800	0	false	
1712	0	5	4	2	4	3	2	1	2	3	1	1		-62135596800	0	false	
1713	1	5	4	2	4	3	2	1	2	3	1	1		-62135596800	0	false	
1714	2	5	4	2	4	3	2	1	2	3	1	1		-62135596800	0	false	
1715	3	5	4	2	4	3	2	1	2	3	1	1		-62135596800	0	false	
1716	0	6	4	2	4	3	2	1	2	3	1	1		-62135596800	0	false	
1717	1	6	4	2	4	3	2	1	2	3	1	1		-62135596800	0	false	
1718	2	6	4	2	4	3	2	1	2	3	1	1		-62135596800	0	false	
1719	3	6	4	2	4	3	2	1	2	3	1	1		-62135596800	0	false	
1720	0	5	4	3	4	3	2	1	2	3	1	1		-62135596800	0	false	
1721	1	5	4	3	4	3	2	1	2	3	1	1		-62135596800	0	false	
1722	2	5	4	3	4	3	2	1	2	3	1	1		-62135596800	0	false	
1723	3	5	4	3	4	3	2	1	2	3	1	1		-62135596800	0	false	
1724	0	6	4	3	4	3	2	1	2	3	1	1		-62135596800	0	false	
1725	1	6	4	3	4	3	2	1	2	3	1	1		-62135596800	0	false	
1726	2	6	4	3	4	3	2	1	2	3	1	1		-62135596800	0	false	
1727	3	6	4	3	4	3	2	1	2	3	1	1		-62135596800	0	false	
1728	0	5	4	0	3	3	3	1	2	3	1	1		-62135596800	0	false	
1729	1	5	4	0	3	3	3	1	2	3	1	1		-62135596800	0	false	
1730	2	5	4	0	3	3	3	1	2	3	1	1		-62135596800	0	false	
1731	3	5	4	0	3	3	3	1	2	3	1	1		-62135596800	0	false	
1732	0	6	4	0	3	3	3	1	2	3	1	1		-62135596800	0	false	
1733	1	6	4	0	3	3	3	1	2	3	1	1		-62135596800	0	false	
1734	2	6	4	0	3	3	3	1	2	3	1	1		-62135596800	0	false	
1735	3	6	4	0	3	3	3	1	2	3	1	1		-62135596800	0	false	
1736	0	5	4	1	3	3	3	1	2	3	1	1		-62135596800	0	false	
1737	1	5	4	1	3	3	3	1	2	3	1	1		-62135596800	0	false	
1738	2	5	4	1	3	3	3	1	2	3	1	1		-62135596800	0	false	
1739	3	5	4	1	3	3	3	1	2	3	1	1		-62135596800	0	false	
1740	0	6	4	1	3	3	3	1	2	3	1	1		-62135596800	0	false	
1741	1	6	4	1	3	3	3	1	2	3	1	1		-62135596800	0	false	
1742	2	6	4	1	3	3	3	1	2	3	1	1		-62135596800	0	false	
1743	3	6	4	1	3	3	3	1	2	3	1	1		-62135596800	0	false	
1744	0	5	4	2	3	3	3	1	2	3	1	1		-62135596800	0	false	
1745	1	5	4	2	3	3	3	1	2	3	1	1		-62135596800	0	false	
1746	2	5	4	2	3	3	3	1	2	3	1	1		-62135596800	0	false	
1747	3	5	4	2	3	3	3	1	2	3	1	1		-62135596800	0	false	
1748	0	6	4	2	3	3	3	1	2	3	1	1		-62135596800	0	false	
1749	1	6	4	2	3	3	3	1	2	3	1	1		-62135596800	0	false	
1750	2	6	4	2	3	3	3	1	2	3	1	1		-62135596800	0	false	
1751	3	6	4	2	3	3	3	1	2	3	1	1		-62135596800	0	false	
1752	0	5	4	3	3	3	3	1	2	3	1	1		-62135596800	0	false	
1753	1	5	4	3	3	3	3	1	2	3	1	1		-62135596800	0	false	
1754	2	5	4	3	3	3	3	1	2	3	1	1		-62135596800	0	false	
1755	3	5	4	3	3	3	3	1	2	3	1	1		-62135596800	0	false	
1756	0	6	4	3	3	3	3	1	2	3	1	1		-62135596800	0	false	
1757	1	6	4	3	3	3	3	1	2	3	1	1		-62135596800	0	false	
1758	2	6	4	3	3	3	3	1	2	3	1	1		-62135596800	0	false	
1759	3	6	4	3	3	3	3	1	2	3	1	1		-62135596800	0	false	
1760	0	5	4	0	4	3	3	1	2	3	1	1		-62135596800	0	false	
1761	1	5	4	0	4	3	3	1	2	3	1	1		-62135596800	0	false	
1762	2	5	4	0	4	3	3	1	2	3	1	1		-62135596800	0	false	
1763	3	5	4	0	4	3	3	1	2	3	1	1		-62135596800	0	false	
1764	0	6	4	0	4	3	3	1	2	3	1	1		-62135596800	0	false	
1765	1	6	4	0	4	3	3	1	2	3	1	1		-62135596800	0	false	
1766	2	6	4	0	4	3	3	1	2	3	1	1		-62135596800	0	false	
1767	3	6	4	0	4	3	3	1	2	3	1	1		-62135596800	0	false	
1768	0	5	4	1	4	3	3	1	2	3	1	1		-62135596800	0	false	
1769	1	5	4	1	4	3	3	1	2	3	1	1		-62135596800	0	false	
1770	2	5	4	1	4	3	3	1	2	3	1	1		-62135596800	0	false	
1771	3	5	4	1	4	3	3	1	2	3	1	1		-62135596800	0	false	
1772	0	6	4	1	4	3	3	1	2	3	1	1		-62135596800	0	false	
1773	1	6	4	1	4	3	3	1	2	3	1	1		-62135596800	0	false	
1774	2	6	4	1	4	3	3	1	2	3	1	1		-62135596800	0	false	
1775	3	6	4	1	4	3	3	1	2	3	1	1		-62135596800	0	false	
1776	0	5	4	2	4	3	3	1	2	3	1	1		-62135596800	0	false	
1777	1	5	4	2	4	3	3	1	2	3	1	1		-62135596800	0	false	
1778	2	5	4	2	4	3	3	1	2	3	1	1		-62135596800	0	false	
1779	3	5	4	2	4	3	3	1	2	3	1	1		-62135596800	0	false	
1780	0	6	4	2	4	3	3	1	2	3	1	1		-62135596800	0	false	
1781	1	6	4	2	4	3	3	1	2	3	1	1		-62135596800	0	false	
1782	2	6	4	2	4	3	3	1	2	3	1	1		-62135596800	0	false	
1783	3	6	4	2	4	3	3	1	2	3	1	1		-62135596800	0	false	
1784	0	5	4	3	4	3	3	1	2	3	1	1		-62135596800	0	false	
1785	1	5	4	3	4	3	3	1	2	3	1	1		-62135596800	0	false	
1786	2	5	4	3	4	3	3	1	2	3	1	1		-62135596800	0	false	
1787	3	5	4	3	4	3	3	1	2	3	1	1		-62135596800	0	false	
1788	0	6	4	3	4	3	3	1	2	3	1	1		-62135596800	0	false	
1789	1	6	4	3	4	3	3	1	2	3	1	1		-62135596800	0	false	
1790	2	6	4	3	4	3	3	1	2	3	1	1		-62135596800	0	false	
1791	3	6	4	3	4	3	3	1	2	3	1	1		-62135596800	0	false	
1792	0	5	4	0	3	3	0	2	2	3	1	1		-62135596800	0	false	
1793	1	5	4	0	3	3	0	2	2	3	1	1		-62135596800	0	false	
1794	2	5	4	0	3	3	0	2	2	3	1	1		-62135596800	0	false	
1795	3	5	4	0	3	3	0	2	2	3	1	1		-62135596800	0	false	
1796	0	6	4	0	3	3	0	2	2	3	1	1		-62135596800	0	false	
1797	1	6	4	0	3	3	0	2	2	3	1	1		-62135596800	0	false	
1798	2	6	4	0	3	3	0	2	2	3	1	1		-62135596800	0	false	
1799	3	6	4	0	3	3	0	2	2	3	1	1		-62135596800	0	false	
1800	0	5	4	1	3	3	0	2	2	3	1	1		-62135596800	0	false	
1801	1	5	4	1	3	3	0	2	2	3	1	1		-62135596800	0	false	
1802	2	5	4	1	3	3	0	2	2	3	1	1		-62135596800	0	false	
1803	3	5	4	1	3	3	0	2	2	3	1	1		-62135596800	0	false	
1804	0	6	4	1	3	3	0	2	2	3	1	1		-62135596800	0	false	
1805	1	6	4	1	3	3	0	2	2	3	1	1		-62135596800	0	false	
1806	2	6	4	1	3	3	0	2	2	3	1	1		-62135596800	0	false	
1807	3	6	4	1	3	3	0	2	2	3	1	1		-62135596800	0	false	
1808	0	5	4	2	3	3	0	2	2	3	1	1		-62135596800	0	false	
1809	1	5	4	2	3	3	0	2	2	3	1	1		-62135596800	0	false	
1810	2	5	4	2	3	3	0	2	2	3	1	1		-62135596800	0	false	
1811	3	5	4	2	3	3	0	2	2	3	1	1		-62135596800	0	false	
1812	0	6	4	2	3	3	0	2	2	3	1	1		-62135596800	0	false	
1813	1	6	4	2	3	3	0	2	2	3	1	1		-62135596800	0	false	
1814	2	6	4	2	3	3	0	2	2	3	1	1		-62135596800	0	false	
1815	3	6	4	2	3	3	0	2	2	3	1	1		-62135596800	0	false	
1816	0	5	4	3	3	3	0	2	2	3	1	1		-62135596800	0	false	
1817	1	5	4	3	3	3	0	2	2	3	1	1		-62135596800	0	false	
1818	2	5	4	3	3	3	0	2	2	3	1	1		-62135596800	0	false	
1819	3	5	4	3	3	3	0	2	2	3	1	1		-62135596800	0	false	
1820	0	6	4	3	3	3	0	2	2	3	1	1	silver	1658243204	29.786859167	true	
1821	1	6	4	3	3	3	0	2	2	3	1	1	silver	1658244611	28.768869224	true	
1822	2	6	4	3	3	3	0	2	2	3	1	1	silver	1658243675	28.976186367	true	
1823	3	6	4	3	3	3	0	2	2	3	1	1	silver	1658244143	27.301666797	true	
1824	0	5	4	0	4	3	0	2	2	3	1	1		-62135596800	0	false	
1825	1	5	4	0	4	3	0	2	2	3	1	1		-62135596800	0	false	
1826	2	5	4	0	4	3	0	2	2	3	1	1		-62135596800	0	false	
1827	3	5	4	0	4	3	0	2	2	3	1	1		-62135596800	0	false	
1828	0	6	4	0	4	3	0	2	2	3	1	1		-62135596800	0	false	
1829	1	6	4	0	4	3	0	2	2	3	1	1		-62135596800	0	false	
1830	2	6	4	0	4	3	0	2	2	3	1	1		-62135596800	0	false	
1831	3	6	4	0	4	3	0	2	2	3	1	1		-62135596800	0	false	
1832	0	5	4	1	4	3	0	2	2	3	1	1		-62135596800	0	false	
1833	1	5	4	1	4	3	0	2	2	3	1	1		-62135596800	0	false	
1834	2	5	4	1	4	3	0	2	2	3	1	1		-62135596800	0	false	
1835	3	5	4	1	4	3	0	2	2	3	1	1		-62135596800	0	false	
1836	0	6	4	1	4	3	0	2	2	3	1	1	silver	1658256539	30.961957519	true	
1837	1	6	4	1	4	3	0	2	2	3	1	1	silver	1658255610	26.968414656	true	
1838	2	6	4	1	4	3	0	2	2	3	1	1	silver	1658255152	27.565753666	true	
1839	3	6	4	1	4	3	0	2	2	3	1	1	silver	1658256073	30.583012061	true	
1840	0	5	4	2	4	3	0	2	2	3	1	1		-62135596800	0	false	
1841	1	5	4	2	4	3	0	2	2	3	1	1		-62135596800	0	false	
1842	2	5	4	2	4	3	0	2	2	3	1	1		-62135596800	0	false	
1843	3	5	4	2	4	3	0	2	2	3	1	1		-62135596800	0	false	
1844	0	6	4	2	4	3	0	2	2	3	1	1		-62135596800	0	false	
1845	1	6	4	2	4	3	0	2	2	3	1	1		-62135596800	0	false	
1846	2	6	4	2	4	3	0	2	2	3	1	1		-62135596800	0	false	
1847	3	6	4	2	4	3	0	2	2	3	1	1		-62135596800	0	false	
1848	0	5	4	3	4	3	0	2	2	3	1	1		-62135596800	0	false	
1849	1	5	4	3	4	3	0	2	2	3	1	1		-62135596800	0	false	
1850	2	5	4	3	4	3	0	2	2	3	1	1		-62135596800	0	false	
1851	3	5	4	3	4	3	0	2	2	3	1	1		-62135596800	0	false	
1852	0	6	4	3	4	3	0	2	2	3	1	1		-62135596800	0	false	
1853	1	6	4	3	4	3	0	2	2	3	1	1		-62135596800	0	false	
1854	2	6	4	3	4	3	0	2	2	3	1	1		-62135596800	0	false	
1855	3	6	4	3	4	3	0	2	2	3	1	1		-62135596800	0	false	
1856	0	5	4	0	3	3	1	2	2	3	1	1		-62135596800	0	false	
1857	1	5	4	0	3	3	1	2	2	3	1	1		-62135596800	0	false	
1858	2	5	4	0	3	3	1	2	2	3	1	1		-62135596800	0	false	
1859	3	5	4	0	3	3	1	2	2	3	1	1		-62135596800	0	false	
1860	0	6	4	0	3	3	1	2	2	3	1	1		-62135596800	0	false	
1861	1	6	4	0	3	3	1	2	2	3	1	1		-62135596800	0	false	
1862	2	6	4	0	3	3	1	2	2	3	1	1		-62135596800	0	false	
1863	3	6	4	0	3	3	1	2	2	3	1	1		-62135596800	0	false	
1864	0	5	4	1	3	3	1	2	2	3	1	1		-62135596800	0	false	
1865	1	5	4	1	3	3	1	2	2	3	1	1		-62135596800	0	false	
1866	2	5	4	1	3	3	1	2	2	3	1	1		-62135596800	0	false	
1867	3	5	4	1	3	3	1	2	2	3	1	1		-62135596800	0	false	
1868	0	6	4	1	3	3	1	2	2	3	1	1		-62135596800	0	false	
1869	1	6	4	1	3	3	1	2	2	3	1	1		-62135596800	0	false	
1870	2	6	4	1	3	3	1	2	2	3	1	1		-62135596800	0	false	
1871	3	6	4	1	3	3	1	2	2	3	1	1		-62135596800	0	false	
1872	0	5	4	2	3	3	1	2	2	3	1	1		-62135596800	0	false	
1873	1	5	4	2	3	3	1	2	2	3	1	1		-62135596800	0	false	
1874	2	5	4	2	3	3	1	2	2	3	1	1		-62135596800	0	false	
1875	3	5	4	2	3	3	1	2	2	3	1	1		-62135596800	0	false	
1876	0	6	4	2	3	3	1	2	2	3	1	1		-62135596800	0	false	
1877	1	6	4	2	3	3	1	2	2	3	1	1		-62135596800	0	false	
1878	2	6	4	2	3	3	1	2	2	3	1	1		-62135596800	0	false	
1879	3	6	4	2	3	3	1	2	2	3	1	1		-62135596800	0	false	
1880	0	5	4	3	3	3	1	2	2	3	1	1		-62135596800	0	false	
1881	1	5	4	3	3	3	1	2	2	3	1	1		-62135596800	0	false	
1882	2	5	4	3	3	3	1	2	2	3	1	1		-62135596800	0	false	
1883	3	5	4	3	3	3	1	2	2	3	1	1		-62135596800	0	false	
1884	0	6	4	3	3	3	1	2	2	3	1	1		-62135596800	0	false	
1885	1	6	4	3	3	3	1	2	2	3	1	1		-62135596800	0	false	
1886	2	6	4	3	3	3	1	2	2	3	1	1		-62135596800	0	false	
1887	3	6	4	3	3	3	1	2	2	3	1	1		-62135596800	0	false	
1888	0	5	4	0	4	3	1	2	2	3	1	1		-62135596800	0	false	
1889	1	5	4	0	4	3	1	2	2	3	1	1		-62135596800	0	false	
1890	2	5	4	0	4	3	1	2	2	3	1	1		-62135596800	0	false	
1891	3	5	4	0	4	3	1	2	2	3	1	1		-62135596800	0	false	
1892	0	6	4	0	4	3	1	2	2	3	1	1		-62135596800	0	false	
1893	1	6	4	0	4	3	1	2	2	3	1	1		-62135596800	0	false	
1894	2	6	4	0	4	3	1	2	2	3	1	1		-62135596800	0	false	
1895	3	6	4	0	4	3	1	2	2	3	1	1		-62135596800	0	false	
1896	0	5	4	1	4	3	1	2	2	3	1	1		-62135596800	0	false	
1897	1	5	4	1	4	3	1	2	2	3	1	1		-62135596800	0	false	
1898	2	5	4	1	4	3	1	2	2	3	1	1		-62135596800	0	false	
1899	3	5	4	1	4	3	1	2	2	3	1	1		-62135596800	0	false	
1900	0	6	4	1	4	3	1	2	2	3	1	1		-62135596800	0	false	
1901	1	6	4	1	4	3	1	2	2	3	1	1		-62135596800	0	false	
1902	2	6	4	1	4	3	1	2	2	3	1	1		-62135596800	0	false	
1903	3	6	4	1	4	3	1	2	2	3	1	1		-62135596800	0	false	
1904	0	5	4	2	4	3	1	2	2	3	1	1		-62135596800	0	false	
1905	1	5	4	2	4	3	1	2	2	3	1	1		-62135596800	0	false	
1906	2	5	4	2	4	3	1	2	2	3	1	1		-62135596800	0	false	
1907	3	5	4	2	4	3	1	2	2	3	1	1		-62135596800	0	false	
1908	0	6	4	2	4	3	1	2	2	3	1	1		-62135596800	0	false	
1909	1	6	4	2	4	3	1	2	2	3	1	1		-62135596800	0	false	
1910	2	6	4	2	4	3	1	2	2	3	1	1		-62135596800	0	false	
1911	3	6	4	2	4	3	1	2	2	3	1	1		-62135596800	0	false	
1912	0	5	4	3	4	3	1	2	2	3	1	1		-62135596800	0	false	
1913	1	5	4	3	4	3	1	2	2	3	1	1		-62135596800	0	false	
1914	2	5	4	3	4	3	1	2	2	3	1	1		-62135596800	0	false	
1915	3	5	4	3	4	3	1	2	2	3	1	1		-62135596800	0	false	
1916	0	6	4	3	4	3	1	2	2	3	1	1		-62135596800	0	false	
1917	1	6	4	3	4	3	1	2	2	3	1	1		-62135596800	0	false	
1918	2	6	4	3	4	3	1	2	2	3	1	1		-62135596800	0	false	
1919	3	6	4	3	4	3	1	2	2	3	1	1		-62135596800	0	false	
1920	0	5	4	0	3	3	2	2	2	3	1	1		-62135596800	0	false	
1921	1	5	4	0	3	3	2	2	2	3	1	1		-62135596800	0	false	
1922	2	5	4	0	3	3	2	2	2	3	1	1		-62135596800	0	false	
1923	3	5	4	0	3	3	2	2	2	3	1	1		-62135596800	0	false	
1924	0	6	4	0	3	3	2	2	2	3	1	1		-62135596800	0	false	
1925	1	6	4	0	3	3	2	2	2	3	1	1		-62135596800	0	false	
1926	2	6	4	0	3	3	2	2	2	3	1	1		-62135596800	0	false	
1927	3	6	4	0	3	3	2	2	2	3	1	1		-62135596800	0	false	
1928	0	5	4	1	3	3	2	2	2	3	1	1		-62135596800	0	false	
1929	1	5	4	1	3	3	2	2	2	3	1	1		-62135596800	0	false	
1930	2	5	4	1	3	3	2	2	2	3	1	1		-62135596800	0	false	
1931	3	5	4	1	3	3	2	2	2	3	1	1		-62135596800	0	false	
1932	0	6	4	1	3	3	2	2	2	3	1	1		-62135596800	0	false	
1933	1	6	4	1	3	3	2	2	2	3	1	1		-62135596800	0	false	
1934	2	6	4	1	3	3	2	2	2	3	1	1		-62135596800	0	false	
1935	3	6	4	1	3	3	2	2	2	3	1	1		-62135596800	0	false	
1936	0	5	4	2	3	3	2	2	2	3	1	1		-62135596800	0	false	
1937	1	5	4	2	3	3	2	2	2	3	1	1		-62135596800	0	false	
1938	2	5	4	2	3	3	2	2	2	3	1	1		-62135596800	0	false	
1939	3	5	4	2	3	3	2	2	2	3	1	1		-62135596800	0	false	
1940	0	6	4	2	3	3	2	2	2	3	1	1		-62135596800	0	false	
1941	1	6	4	2	3	3	2	2	2	3	1	1		-62135596800	0	false	
1942	2	6	4	2	3	3	2	2	2	3	1	1		-62135596800	0	false	
1943	3	6	4	2	3	3	2	2	2	3	1	1		-62135596800	0	false	
1944	0	5	4	3	3	3	2	2	2	3	1	1		-62135596800	0	false	
1945	1	5	4	3	3	3	2	2	2	3	1	1		-62135596800	0	false	
1946	2	5	4	3	3	3	2	2	2	3	1	1		-62135596800	0	false	
1947	3	5	4	3	3	3	2	2	2	3	1	1		-62135596800	0	false	
1948	0	6	4	3	3	3	2	2	2	3	1	1		-62135596800	0	false	
1949	1	6	4	3	3	3	2	2	2	3	1	1		-62135596800	0	false	
1950	2	6	4	3	3	3	2	2	2	3	1	1		-62135596800	0	false	
1951	3	6	4	3	3	3	2	2	2	3	1	1		-62135596800	0	false	
1952	0	5	4	0	4	3	2	2	2	3	1	1		-62135596800	0	false	
1953	1	5	4	0	4	3	2	2	2	3	1	1		-62135596800	0	false	
1954	2	5	4	0	4	3	2	2	2	3	1	1		-62135596800	0	false	
1955	3	5	4	0	4	3	2	2	2	3	1	1		-62135596800	0	false	
1956	0	6	4	0	4	3	2	2	2	3	1	1		-62135596800	0	false	
1957	1	6	4	0	4	3	2	2	2	3	1	1		-62135596800	0	false	
1958	2	6	4	0	4	3	2	2	2	3	1	1		-62135596800	0	false	
1959	3	6	4	0	4	3	2	2	2	3	1	1		-62135596800	0	false	
1960	0	5	4	1	4	3	2	2	2	3	1	1		-62135596800	0	false	
1961	1	5	4	1	4	3	2	2	2	3	1	1		-62135596800	0	false	
1962	2	5	4	1	4	3	2	2	2	3	1	1		-62135596800	0	false	
1963	3	5	4	1	4	3	2	2	2	3	1	1		-62135596800	0	false	
1964	0	6	4	1	4	3	2	2	2	3	1	1		-62135596800	0	false	
1965	1	6	4	1	4	3	2	2	2	3	1	1		-62135596800	0	false	
1966	2	6	4	1	4	3	2	2	2	3	1	1		-62135596800	0	false	
1967	3	6	4	1	4	3	2	2	2	3	1	1		-62135596800	0	false	
1968	0	5	4	2	4	3	2	2	2	3	1	1		-62135596800	0	false	
1969	1	5	4	2	4	3	2	2	2	3	1	1		-62135596800	0	false	
1970	2	5	4	2	4	3	2	2	2	3	1	1		-62135596800	0	false	
1971	3	5	4	2	4	3	2	2	2	3	1	1		-62135596800	0	false	
1972	0	6	4	2	4	3	2	2	2	3	1	1		-62135596800	0	false	
1973	1	6	4	2	4	3	2	2	2	3	1	1		-62135596800	0	false	
1974	2	6	4	2	4	3	2	2	2	3	1	1		-62135596800	0	false	
1975	3	6	4	2	4	3	2	2	2	3	1	1		-62135596800	0	false	
1976	0	5	4	3	4	3	2	2	2	3	1	1		-62135596800	0	false	
1977	1	5	4	3	4	3	2	2	2	3	1	1		-62135596800	0	false	
1978	2	5	4	3	4	3	2	2	2	3	1	1		-62135596800	0	false	
1979	3	5	4	3	4	3	2	2	2	3	1	1		-62135596800	0	false	
1980	0	6	4	3	4	3	2	2	2	3	1	1		-62135596800	0	false	
1981	1	6	4	3	4	3	2	2	2	3	1	1		-62135596800	0	false	
1982	2	6	4	3	4	3	2	2	2	3	1	1		-62135596800	0	false	
1983	3	6	4	3	4	3	2	2	2	3	1	1		-62135596800	0	false	
1984	0	5	4	0	3	3	3	2	2	3	1	1		-62135596800	0	false	
1985	1	5	4	0	3	3	3	2	2	3	1	1		-62135596800	0	false	
1986	2	5	4	0	3	3	3	2	2	3	1	1		-62135596800	0	false	
1987	3	5	4	0	3	3	3	2	2	3	1	1		-62135596800	0	false	
1988	0	6	4	0	3	3	3	2	2	3	1	1		-62135596800	0	false	
1989	1	6	4	0	3	3	3	2	2	3	1	1		-62135596800	0	false	
1990	2	6	4	0	3	3	3	2	2	3	1	1		-62135596800	0	false	
1991	3	6	4	0	3	3	3	2	2	3	1	1		-62135596800	0	false	
1992	0	5	4	1	3	3	3	2	2	3	1	1		-62135596800	0	false	
1993	1	5	4	1	3	3	3	2	2	3	1	1		-62135596800	0	false	
1994	2	5	4	1	3	3	3	2	2	3	1	1		-62135596800	0	false	
1995	3	5	4	1	3	3	3	2	2	3	1	1		-62135596800	0	false	
1996	0	6	4	1	3	3	3	2	2	3	1	1		-62135596800	0	false	
1997	1	6	4	1	3	3	3	2	2	3	1	1		-62135596800	0	false	
1998	2	6	4	1	3	3	3	2	2	3	1	1		-62135596800	0	false	
1999	3	6	4	1	3	3	3	2	2	3	1	1		-62135596800	0	false	
2000	0	5	4	2	3	3	3	2	2	3	1	1		-62135596800	0	false	
2001	1	5	4	2	3	3	3	2	2	3	1	1		-62135596800	0	false	
2002	2	5	4	2	3	3	3	2	2	3	1	1		-62135596800	0	false	
2003	3	5	4	2	3	3	3	2	2	3	1	1		-62135596800	0	false	
2004	0	6	4	2	3	3	3	2	2	3	1	1		-62135596800	0	false	
2005	1	6	4	2	3	3	3	2	2	3	1	1		-62135596800	0	false	
2006	2	6	4	2	3	3	3	2	2	3	1	1		-62135596800	0	false	
2007	3	6	4	2	3	3	3	2	2	3	1	1		-62135596800	0	false	
2008	0	5	4	3	3	3	3	2	2	3	1	1		-62135596800	0	false	
2009	1	5	4	3	3	3	3	2	2	3	1	1		-62135596800	0	false	
2010	2	5	4	3	3	3	3	2	2	3	1	1		-62135596800	0	false	
2011	3	5	4	3	3	3	3	2	2	3	1	1		-62135596800	0	false	
2012	0	6	4	3	3	3	3	2	2	3	1	1		-62135596800	0	false	
2013	1	6	4	3	3	3	3	2	2	3	1	1		-62135596800	0	false	
2014	2	6	4	3	3	3	3	2	2	3	1	1		-62135596800	0	false	
2015	3	6	4	3	3	3	3	2	2	3	1	1		-62135596800	0	false	
2016	0	5	4	0	4	3	3	2	2	3	1	1		-62135596800	0	false	
2017	1	5	4	0	4	3	3	2	2	3	1	1		-62135596800	0	false	
2018	2	5	4	0	4	3	3	2	2	3	1	1		-62135596800	0	false	
2019	3	5	4	0	4	3	3	2	2	3	1	1		-62135596800	0	false	
2020	0	6	4	0	4	3	3	2	2	3	1	1		-62135596800	0	false	
2021	1	6	4	0	4	3	3	2	2	3	1	1		-62135596800	0	false	
2022	2	6	4	0	4	3	3	2	2	3	1	1		-62135596800	0	false	
2023	3	6	4	0	4	3	3	2	2	3	1	1		-62135596800	0	false	
2024	0	5	4	1	4	3	3	2	2	3	1	1		-62135596800	0	false	
2025	1	5	4	1	4	3	3	2	2	3	1	1		-62135596800	0	false	
2026	2	5	4	1	4	3	3	2	2	3	1	1		-62135596800	0	false	
2027	3	5	4	1	4	3	3	2	2	3	1	1		-62135596800	0	false	
2028	0	6	4	1	4	3	3	2	2	3	1	1		-62135596800	0	false	
2029	1	6	4	1	4	3	3	2	2	3	1	1		-62135596800	0	false	
2030	2	6	4	1	4	3	3	2	2	3	1	1		-62135596800	0	false	
2031	3	6	4	1	4	3	3	2	2	3	1	1		-62135596800	0	false	
2032	0	5	4	2	4	3	3	2	2	3	1	1		-62135596800	0	false	
2033	1	5	4	2	4	3	3	2	2	3	1	1		-62135596800	0	false	
2034	2	5	4	2	4	3	3	2	2	3	1	1		-62135596800	0	false	
2035	3	5	4	2	4	3	3	2	2	3	1	1		-62135596800	0	false	
2036	0	6	4	2	4	3	3	2	2	3	1	1		-62135596800	0	false	
2037	1	6	4	2	4	3	3	2	2	3	1	1		-62135596800	0	false	
2038	2	6	4	2	4	3	3	2	2	3	1	1		-62135596800	0	false	
2039	3	6	4	2	4	3	3	2	2	3	1	1		-62135596800	0	false	
2040	0	5	4	3	4	3	3	2	2	3	1	1		-62135596800	0	false	
2041	1	5	4	3	4	3	3	2	2	3	1	1		-62135596800	0	false	
2042	2	5	4	3	4	3	3	2	2	3	1	1		-62135596800	0	false	
2043	3	5	4	3	4	3	3	2	2	3	1	1		-62135596800	0	false	
2044	0	6	4	3	4	3	3	2	2	3	1	1		-62135596800	0	false	
2045	1	6	4	3	4	3	3	2	2	3	1	1		-62135596800	0	false	
2046	2	6	4	3	4	3	3	2	2	3	1	1		-62135596800	0	false	
2047	3	6	4	3	4	3	3	2	2	3	1	1		-62135596800	0	false	
2048	0	5	4	0	3	3	0	1	2	0	1	2		-62135596800	0	false	
2049	1	5	4	0	3	3	0	1	2	0	1	2		-62135596800	0	false	
2050	2	5	4	0	3	3	0	1	2	0	1	2		-62135596800	0	false	
2051	3	5	4	0	3	3	0	1	2	0	1	2		-62135596800	0	false	
2052	0	6	4	0	3	3	0	1	2	0	1	2		-62135596800	0	false	
2053	1	6	4	0	3	3	0	1	2	0	1	2		-62135596800	0	false	
2054	2	6	4	0	3	3	0	1	2	0	1	2		-62135596800	0	false	
2055	3	6	4	0	3	3	0	1	2	0	1	2		-62135596800	0	false	
2056	0	5	4	1	3	3	0	1	2	0	1	2		-62135596800	0	false	
2057	1	5	4	1	3	3	0	1	2	0	1	2		-62135596800	0	false	
2058	2	5	4	1	3	3	0	1	2	0	1	2		-62135596800	0	false	
2059	3	5	4	1	3	3	0	1	2	0	1	2		-62135596800	0	false	
2060	0	6	4	1	3	3	0	1	2	0	1	2		-62135596800	0	false	
2061	1	6	4	1	3	3	0	1	2	0	1	2		-62135596800	0	false	
2062	2	6	4	1	3	3	0	1	2	0	1	2		-62135596800	0	false	
2063	3	6	4	1	3	3	0	1	2	0	1	2		-62135596800	0	false	
2064	0	5	4	2	3	3	0	1	2	0	1	2		-62135596800	0	false	
2065	1	5	4	2	3	3	0	1	2	0	1	2		-62135596800	0	false	
2066	2	5	4	2	3	3	0	1	2	0	1	2		-62135596800	0	false	
2067	3	5	4	2	3	3	0	1	2	0	1	2		-62135596800	0	false	
2068	0	6	4	2	3	3	0	1	2	0	1	2		-62135596800	0	false	
2069	1	6	4	2	3	3	0	1	2	0	1	2		-62135596800	0	false	
2070	2	6	4	2	3	3	0	1	2	0	1	2		-62135596800	0	false	
2071	3	6	4	2	3	3	0	1	2	0	1	2		-62135596800	0	false	
2072	0	5	4	3	3	3	0	1	2	0	1	2		-62135596800	0	false	
2073	1	5	4	3	3	3	0	1	2	0	1	2		-62135596800	0	false	
2074	2	5	4	3	3	3	0	1	2	0	1	2		-62135596800	0	false	
2075	3	5	4	3	3	3	0	1	2	0	1	2		-62135596800	0	false	
2076	0	6	4	3	3	3	0	1	2	0	1	2		-62135596800	0	false	
2077	1	6	4	3	3	3	0	1	2	0	1	2		-62135596800	0	false	
2078	2	6	4	3	3	3	0	1	2	0	1	2		-62135596800	0	false	
2079	3	6	4	3	3	3	0	1	2	0	1	2		-62135596800	0	false	
2080	0	5	4	0	4	3	0	1	2	0	1	2		-62135596800	0	false	
2081	1	5	4	0	4	3	0	1	2	0	1	2		-62135596800	0	false	
2082	2	5	4	0	4	3	0	1	2	0	1	2		-62135596800	0	false	
2083	3	5	4	0	4	3	0	1	2	0	1	2		-62135596800	0	false	
2084	0	6	4	0	4	3	0	1	2	0	1	2		-62135596800	0	false	
2085	1	6	4	0	4	3	0	1	2	0	1	2		-62135596800	0	false	
2086	2	6	4	0	4	3	0	1	2	0	1	2		-62135596800	0	false	
2087	3	6	4	0	4	3	0	1	2	0	1	2		-62135596800	0	false	
2088	0	5	4	1	4	3	0	1	2	0	1	2		-62135596800	0	false	
2089	1	5	4	1	4	3	0	1	2	0	1	2		-62135596800	0	false	
2090	2	5	4	1	4	3	0	1	2	0	1	2		-62135596800	0	false	
2091	3	5	4	1	4	3	0	1	2	0	1	2		-62135596800	0	false	
2092	0	6	4	1	4	3	0	1	2	0	1	2		-62135596800	0	false	
2093	1	6	4	1	4	3	0	1	2	0	1	2		-62135596800	0	false	
2094	2	6	4	1	4	3	0	1	2	0	1	2		-62135596800	0	false	
2095	3	6	4	1	4	3	0	1	2	0	1	2		-62135596800	0	false	
2096	0	5	4	2	4	3	0	1	2	0	1	2		-62135596800	0	false	
2097	1	5	4	2	4	3	0	1	2	0	1	2		-62135596800	0	false	
2098	2	5	4	2	4	3	0	1	2	0	1	2		-62135596800	0	false	
2099	3	5	4	2	4	3	0	1	2	0	1	2		-62135596800	0	false	
2100	0	6	4	2	4	3	0	1	2	0	1	2		-62135596800	0	false	
2101	1	6	4	2	4	3	0	1	2	0	1	2		-62135596800	0	false	
2102	2	6	4	2	4	3	0	1	2	0	1	2		-62135596800	0	false	
2103	3	6	4	2	4	3	0	1	2	0	1	2		-62135596800	0	false	
2104	0	5	4	3	4	3	0	1	2	0	1	2		-62135596800	0	false	
2105	1	5	4	3	4	3	0	1	2	0	1	2		-62135596800	0	false	
2106	2	5	4	3	4	3	0	1	2	0	1	2		-62135596800	0	false	
2107	3	5	4	3	4	3	0	1	2	0	1	2		-62135596800	0	false	
2108	0	6	4	3	4	3	0	1	2	0	1	2		-62135596800	0	false	
2109	1	6	4	3	4	3	0	1	2	0	1	2		-62135596800	0	false	
2110	2	6	4	3	4	3	0	1	2	0	1	2		-62135596800	0	false	
2111	3	6	4	3	4	3	0	1	2	0	1	2		-62135596800	0	false	
2112	0	5	4	0	3	3	1	1	2	0	1	2		-62135596800	0	false	
2113	1	5	4	0	3	3	1	1	2	0	1	2		-62135596800	0	false	
2114	2	5	4	0	3	3	1	1	2	0	1	2		-62135596800	0	false	
2115	3	5	4	0	3	3	1	1	2	0	1	2		-62135596800	0	false	
2116	0	6	4	0	3	3	1	1	2	0	1	2		-62135596800	0	false	
2117	1	6	4	0	3	3	1	1	2	0	1	2		-62135596800	0	false	
2118	2	6	4	0	3	3	1	1	2	0	1	2		-62135596800	0	false	
2119	3	6	4	0	3	3	1	1	2	0	1	2		-62135596800	0	false	
2120	0	5	4	1	3	3	1	1	2	0	1	2		-62135596800	0	false	
2121	1	5	4	1	3	3	1	1	2	0	1	2		-62135596800	0	false	
2122	2	5	4	1	3	3	1	1	2	0	1	2		-62135596800	0	false	
2123	3	5	4	1	3	3	1	1	2	0	1	2		-62135596800	0	false	
2124	0	6	4	1	3	3	1	1	2	0	1	2		-62135596800	0	false	
2125	1	6	4	1	3	3	1	1	2	0	1	2		-62135596800	0	false	
2126	2	6	4	1	3	3	1	1	2	0	1	2		-62135596800	0	false	
2127	3	6	4	1	3	3	1	1	2	0	1	2		-62135596800	0	false	
2128	0	5	4	2	3	3	1	1	2	0	1	2		-62135596800	0	false	
2129	1	5	4	2	3	3	1	1	2	0	1	2		-62135596800	0	false	
2130	2	5	4	2	3	3	1	1	2	0	1	2		-62135596800	0	false	
2131	3	5	4	2	3	3	1	1	2	0	1	2		-62135596800	0	false	
2132	0	6	4	2	3	3	1	1	2	0	1	2		-62135596800	0	false	
2133	1	6	4	2	3	3	1	1	2	0	1	2		-62135596800	0	false	
2134	2	6	4	2	3	3	1	1	2	0	1	2		-62135596800	0	false	
2135	3	6	4	2	3	3	1	1	2	0	1	2		-62135596800	0	false	
2136	0	5	4	3	3	3	1	1	2	0	1	2		-62135596800	0	false	
2137	1	5	4	3	3	3	1	1	2	0	1	2		-62135596800	0	false	
2138	2	5	4	3	3	3	1	1	2	0	1	2		-62135596800	0	false	
2139	3	5	4	3	3	3	1	1	2	0	1	2		-62135596800	0	false	
2140	0	6	4	3	3	3	1	1	2	0	1	2		-62135596800	0	false	
2141	1	6	4	3	3	3	1	1	2	0	1	2		-62135596800	0	false	
2142	2	6	4	3	3	3	1	1	2	0	1	2		-62135596800	0	false	
2143	3	6	4	3	3	3	1	1	2	0	1	2		-62135596800	0	false	
2144	0	5	4	0	4	3	1	1	2	0	1	2		-62135596800	0	false	
2145	1	5	4	0	4	3	1	1	2	0	1	2		-62135596800	0	false	
2146	2	5	4	0	4	3	1	1	2	0	1	2		-62135596800	0	false	
2147	3	5	4	0	4	3	1	1	2	0	1	2		-62135596800	0	false	
2148	0	6	4	0	4	3	1	1	2	0	1	2		-62135596800	0	false	
2149	1	6	4	0	4	3	1	1	2	0	1	2		-62135596800	0	false	
2150	2	6	4	0	4	3	1	1	2	0	1	2		-62135596800	0	false	
2151	3	6	4	0	4	3	1	1	2	0	1	2		-62135596800	0	false	
2152	0	5	4	1	4	3	1	1	2	0	1	2		-62135596800	0	false	
2153	1	5	4	1	4	3	1	1	2	0	1	2		-62135596800	0	false	
2154	2	5	4	1	4	3	1	1	2	0	1	2		-62135596800	0	false	
2155	3	5	4	1	4	3	1	1	2	0	1	2		-62135596800	0	false	
2156	0	6	4	1	4	3	1	1	2	0	1	2		-62135596800	0	false	
2157	1	6	4	1	4	3	1	1	2	0	1	2		-62135596800	0	false	
2158	2	6	4	1	4	3	1	1	2	0	1	2		-62135596800	0	false	
2159	3	6	4	1	4	3	1	1	2	0	1	2		-62135596800	0	false	
2160	0	5	4	2	4	3	1	1	2	0	1	2		-62135596800	0	false	
2161	1	5	4	2	4	3	1	1	2	0	1	2		-62135596800	0	false	
2162	2	5	4	2	4	3	1	1	2	0	1	2		-62135596800	0	false	
2163	3	5	4	2	4	3	1	1	2	0	1	2		-62135596800	0	false	
2164	0	6	4	2	4	3	1	1	2	0	1	2		-62135596800	0	false	
2165	1	6	4	2	4	3	1	1	2	0	1	2		-62135596800	0	false	
2166	2	6	4	2	4	3	1	1	2	0	1	2		-62135596800	0	false	
2167	3	6	4	2	4	3	1	1	2	0	1	2		-62135596800	0	false	
2168	0	5	4	3	4	3	1	1	2	0	1	2		-62135596800	0	false	
2169	1	5	4	3	4	3	1	1	2	0	1	2		-62135596800	0	false	
2170	2	5	4	3	4	3	1	1	2	0	1	2		-62135596800	0	false	
2171	3	5	4	3	4	3	1	1	2	0	1	2		-62135596800	0	false	
2172	0	6	4	3	4	3	1	1	2	0	1	2		-62135596800	0	false	
2173	1	6	4	3	4	3	1	1	2	0	1	2		-62135596800	0	false	
2174	2	6	4	3	4	3	1	1	2	0	1	2		-62135596800	0	false	
2175	3	6	4	3	4	3	1	1	2	0	1	2		-62135596800	0	false	
2176	0	5	4	0	3	3	2	1	2	0	1	2		-62135596800	0	false	
2177	1	5	4	0	3	3	2	1	2	0	1	2		-62135596800	0	false	
2178	2	5	4	0	3	3	2	1	2	0	1	2		-62135596800	0	false	
2179	3	5	4	0	3	3	2	1	2	0	1	2		-62135596800	0	false	
2180	0	6	4	0	3	3	2	1	2	0	1	2		-62135596800	0	false	
2181	1	6	4	0	3	3	2	1	2	0	1	2		-62135596800	0	false	
2182	2	6	4	0	3	3	2	1	2	0	1	2		-62135596800	0	false	
2183	3	6	4	0	3	3	2	1	2	0	1	2		-62135596800	0	false	
2184	0	5	4	1	3	3	2	1	2	0	1	2		-62135596800	0	false	
2185	1	5	4	1	3	3	2	1	2	0	1	2		-62135596800	0	false	
2186	2	5	4	1	3	3	2	1	2	0	1	2		-62135596800	0	false	
2187	3	5	4	1	3	3	2	1	2	0	1	2		-62135596800	0	false	
2188	0	6	4	1	3	3	2	1	2	0	1	2		-62135596800	0	false	
2189	1	6	4	1	3	3	2	1	2	0	1	2		-62135596800	0	false	
2190	2	6	4	1	3	3	2	1	2	0	1	2		-62135596800	0	false	
2191	3	6	4	1	3	3	2	1	2	0	1	2		-62135596800	0	false	
2192	0	5	4	2	3	3	2	1	2	0	1	2		-62135596800	0	false	
2193	1	5	4	2	3	3	2	1	2	0	1	2		-62135596800	0	false	
2194	2	5	4	2	3	3	2	1	2	0	1	2		-62135596800	0	false	
2195	3	5	4	2	3	3	2	1	2	0	1	2		-62135596800	0	false	
2196	0	6	4	2	3	3	2	1	2	0	1	2		-62135596800	0	false	
2197	1	6	4	2	3	3	2	1	2	0	1	2		-62135596800	0	false	
2198	2	6	4	2	3	3	2	1	2	0	1	2		-62135596800	0	false	
2199	3	6	4	2	3	3	2	1	2	0	1	2		-62135596800	0	false	
2200	0	5	4	3	3	3	2	1	2	0	1	2		-62135596800	0	false	
2201	1	5	4	3	3	3	2	1	2	0	1	2		-62135596800	0	false	
2202	2	5	4	3	3	3	2	1	2	0	1	2		-62135596800	0	false	
2203	3	5	4	3	3	3	2	1	2	0	1	2		-62135596800	0	false	
2204	0	6	4	3	3	3	2	1	2	0	1	2		-62135596800	0	false	
2205	1	6	4	3	3	3	2	1	2	0	1	2		-62135596800	0	false	
2206	2	6	4	3	3	3	2	1	2	0	1	2		-62135596800	0	false	
2207	3	6	4	3	3	3	2	1	2	0	1	2		-62135596800	0	false	
2208	0	5	4	0	4	3	2	1	2	0	1	2		-62135596800	0	false	
2209	1	5	4	0	4	3	2	1	2	0	1	2		-62135596800	0	false	
2210	2	5	4	0	4	3	2	1	2	0	1	2		-62135596800	0	false	
2211	3	5	4	0	4	3	2	1	2	0	1	2		-62135596800	0	false	
2212	0	6	4	0	4	3	2	1	2	0	1	2		-62135596800	0	false	
2213	1	6	4	0	4	3	2	1	2	0	1	2		-62135596800	0	false	
2214	2	6	4	0	4	3	2	1	2	0	1	2		-62135596800	0	false	
2215	3	6	4	0	4	3	2	1	2	0	1	2		-62135596800	0	false	
2216	0	5	4	1	4	3	2	1	2	0	1	2		-62135596800	0	false	
2217	1	5	4	1	4	3	2	1	2	0	1	2		-62135596800	0	false	
2218	2	5	4	1	4	3	2	1	2	0	1	2		-62135596800	0	false	
2219	3	5	4	1	4	3	2	1	2	0	1	2		-62135596800	0	false	
2220	0	6	4	1	4	3	2	1	2	0	1	2		-62135596800	0	false	
2221	1	6	4	1	4	3	2	1	2	0	1	2		-62135596800	0	false	
2222	2	6	4	1	4	3	2	1	2	0	1	2		-62135596800	0	false	
2223	3	6	4	1	4	3	2	1	2	0	1	2		-62135596800	0	false	
2224	0	5	4	2	4	3	2	1	2	0	1	2		-62135596800	0	false	
2225	1	5	4	2	4	3	2	1	2	0	1	2		-62135596800	0	false	
2226	2	5	4	2	4	3	2	1	2	0	1	2		-62135596800	0	false	
2227	3	5	4	2	4	3	2	1	2	0	1	2		-62135596800	0	false	
2228	0	6	4	2	4	3	2	1	2	0	1	2		-62135596800	0	false	
2229	1	6	4	2	4	3	2	1	2	0	1	2		-62135596800	0	false	
2230	2	6	4	2	4	3	2	1	2	0	1	2		-62135596800	0	false	
2231	3	6	4	2	4	3	2	1	2	0	1	2		-62135596800	0	false	
2232	0	5	4	3	4	3	2	1	2	0	1	2		-62135596800	0	false	
2233	1	5	4	3	4	3	2	1	2	0	1	2		-62135596800	0	false	
2234	2	5	4	3	4	3	2	1	2	0	1	2		-62135596800	0	false	
2235	3	5	4	3	4	3	2	1	2	0	1	2		-62135596800	0	false	
2236	0	6	4	3	4	3	2	1	2	0	1	2		-62135596800	0	false	
2237	1	6	4	3	4	3	2	1	2	0	1	2		-62135596800	0	false	
2238	2	6	4	3	4	3	2	1	2	0	1	2		-62135596800	0	false	
2239	3	6	4	3	4	3	2	1	2	0	1	2		-62135596800	0	false	
2240	0	5	4	0	3	3	3	1	2	0	1	2		-62135596800	0	false	
2241	1	5	4	0	3	3	3	1	2	0	1	2		-62135596800	0	false	
2242	2	5	4	0	3	3	3	1	2	0	1	2		-62135596800	0	false	
2243	3	5	4	0	3	3	3	1	2	0	1	2		-62135596800	0	false	
2244	0	6	4	0	3	3	3	1	2	0	1	2		-62135596800	0	false	
2245	1	6	4	0	3	3	3	1	2	0	1	2		-62135596800	0	false	
2246	2	6	4	0	3	3	3	1	2	0	1	2		-62135596800	0	false	
2247	3	6	4	0	3	3	3	1	2	0	1	2		-62135596800	0	false	
2248	0	5	4	1	3	3	3	1	2	0	1	2		-62135596800	0	false	
2249	1	5	4	1	3	3	3	1	2	0	1	2		-62135596800	0	false	
2250	2	5	4	1	3	3	3	1	2	0	1	2		-62135596800	0	false	
2251	3	5	4	1	3	3	3	1	2	0	1	2		-62135596800	0	false	
2252	0	6	4	1	3	3	3	1	2	0	1	2		-62135596800	0	false	
2253	1	6	4	1	3	3	3	1	2	0	1	2		-62135596800	0	false	
2254	2	6	4	1	3	3	3	1	2	0	1	2		-62135596800	0	false	
2255	3	6	4	1	3	3	3	1	2	0	1	2		-62135596800	0	false	
2256	0	5	4	2	3	3	3	1	2	0	1	2		-62135596800	0	false	
2257	1	5	4	2	3	3	3	1	2	0	1	2		-62135596800	0	false	
2258	2	5	4	2	3	3	3	1	2	0	1	2		-62135596800	0	false	
2259	3	5	4	2	3	3	3	1	2	0	1	2		-62135596800	0	false	
2260	0	6	4	2	3	3	3	1	2	0	1	2		-62135596800	0	false	
2261	1	6	4	2	3	3	3	1	2	0	1	2		-62135596800	0	false	
2262	2	6	4	2	3	3	3	1	2	0	1	2		-62135596800	0	false	
2263	3	6	4	2	3	3	3	1	2	0	1	2		-62135596800	0	false	
2264	0	5	4	3	3	3	3	1	2	0	1	2		-62135596800	0	false	
2265	1	5	4	3	3	3	3	1	2	0	1	2		-62135596800	0	false	
2266	2	5	4	3	3	3	3	1	2	0	1	2		-62135596800	0	false	
2267	3	5	4	3	3	3	3	1	2	0	1	2		-62135596800	0	false	
2268	0	6	4	3	3	3	3	1	2	0	1	2		-62135596800	0	false	
2269	1	6	4	3	3	3	3	1	2	0	1	2		-62135596800	0	false	
2270	2	6	4	3	3	3	3	1	2	0	1	2		-62135596800	0	false	
2271	3	6	4	3	3	3	3	1	2	0	1	2		-62135596800	0	false	
2272	0	5	4	0	4	3	3	1	2	0	1	2		-62135596800	0	false	
2273	1	5	4	0	4	3	3	1	2	0	1	2		-62135596800	0	false	
2274	2	5	4	0	4	3	3	1	2	0	1	2		-62135596800	0	false	
2275	3	5	4	0	4	3	3	1	2	0	1	2		-62135596800	0	false	
2276	0	6	4	0	4	3	3	1	2	0	1	2		-62135596800	0	false	
2277	1	6	4	0	4	3	3	1	2	0	1	2		-62135596800	0	false	
2278	2	6	4	0	4	3	3	1	2	0	1	2		-62135596800	0	false	
2279	3	6	4	0	4	3	3	1	2	0	1	2		-62135596800	0	false	
2280	0	5	4	1	4	3	3	1	2	0	1	2		-62135596800	0	false	
2281	1	5	4	1	4	3	3	1	2	0	1	2		-62135596800	0	false	
2282	2	5	4	1	4	3	3	1	2	0	1	2		-62135596800	0	false	
2283	3	5	4	1	4	3	3	1	2	0	1	2		-62135596800	0	false	
2284	0	6	4	1	4	3	3	1	2	0	1	2		-62135596800	0	false	
2285	1	6	4	1	4	3	3	1	2	0	1	2		-62135596800	0	false	
2286	2	6	4	1	4	3	3	1	2	0	1	2		-62135596800	0	false	
2287	3	6	4	1	4	3	3	1	2	0	1	2		-62135596800	0	false	
2288	0	5	4	2	4	3	3	1	2	0	1	2		-62135596800	0	false	
2289	1	5	4	2	4	3	3	1	2	0	1	2		-62135596800	0	false	
2290	2	5	4	2	4	3	3	1	2	0	1	2		-62135596800	0	false	
2291	3	5	4	2	4	3	3	1	2	0	1	2		-62135596800	0	false	
2292	0	6	4	2	4	3	3	1	2	0	1	2		-62135596800	0	false	
2293	1	6	4	2	4	3	3	1	2	0	1	2		-62135596800	0	false	
2294	2	6	4	2	4	3	3	1	2	0	1	2		-62135596800	0	false	
2295	3	6	4	2	4	3	3	1	2	0	1	2		-62135596800	0	false	
2296	0	5	4	3	4	3	3	1	2	0	1	2		-62135596800	0	false	
2297	1	5	4	3	4	3	3	1	2	0	1	2		-62135596800	0	false	
2298	2	5	4	3	4	3	3	1	2	0	1	2		-62135596800	0	false	
2299	3	5	4	3	4	3	3	1	2	0	1	2		-62135596800	0	false	
2300	0	6	4	3	4	3	3	1	2	0	1	2		-62135596800	0	false	
2301	1	6	4	3	4	3	3	1	2	0	1	2		-62135596800	0	false	
2302	2	6	4	3	4	3	3	1	2	0	1	2		-62135596800	0	false	
2303	3	6	4	3	4	3	3	1	2	0	1	2		-62135596800	0	false	
2304	0	5	4	0	3	3	0	2	2	0	1	2		-62135596800	0	false	
2305	1	5	4	0	3	3	0	2	2	0	1	2		-62135596800	0	false	
2306	2	5	4	0	3	3	0	2	2	0	1	2		-62135596800	0	false	
2307	3	5	4	0	3	3	0	2	2	0	1	2		-62135596800	0	false	
2308	0	6	4	0	3	3	0	2	2	0	1	2		-62135596800	0	false	
2309	1	6	4	0	3	3	0	2	2	0	1	2		-62135596800	0	false	
2310	2	6	4	0	3	3	0	2	2	0	1	2		-62135596800	0	false	
2311	3	6	4	0	3	3	0	2	2	0	1	2		-62135596800	0	false	
2312	0	5	4	1	3	3	0	2	2	0	1	2		-62135596800	0	false	
2313	1	5	4	1	3	3	0	2	2	0	1	2		-62135596800	0	false	
2314	2	5	4	1	3	3	0	2	2	0	1	2		-62135596800	0	false	
2315	3	5	4	1	3	3	0	2	2	0	1	2		-62135596800	0	false	
2316	0	6	4	1	3	3	0	2	2	0	1	2		-62135596800	0	false	
2317	1	6	4	1	3	3	0	2	2	0	1	2		-62135596800	0	false	
2318	2	6	4	1	3	3	0	2	2	0	1	2		-62135596800	0	false	
2319	3	6	4	1	3	3	0	2	2	0	1	2		-62135596800	0	false	
2320	0	5	4	2	3	3	0	2	2	0	1	2		-62135596800	0	false	
2321	1	5	4	2	3	3	0	2	2	0	1	2		-62135596800	0	false	
2322	2	5	4	2	3	3	0	2	2	0	1	2		-62135596800	0	false	
2323	3	5	4	2	3	3	0	2	2	0	1	2		-62135596800	0	false	
2324	0	6	4	2	3	3	0	2	2	0	1	2		-62135596800	0	false	
2325	1	6	4	2	3	3	0	2	2	0	1	2		-62135596800	0	false	
2326	2	6	4	2	3	3	0	2	2	0	1	2		-62135596800	0	false	
2327	3	6	4	2	3	3	0	2	2	0	1	2		-62135596800	0	false	
2328	0	5	4	3	3	3	0	2	2	0	1	2		-62135596800	0	false	
2329	1	5	4	3	3	3	0	2	2	0	1	2		-62135596800	0	false	
2330	2	5	4	3	3	3	0	2	2	0	1	2		-62135596800	0	false	
2331	3	5	4	3	3	3	0	2	2	0	1	2		-62135596800	0	false	
2332	0	6	4	3	3	3	0	2	2	0	1	2		-62135596800	0	false	
2333	1	6	4	3	3	3	0	2	2	0	1	2		-62135596800	0	false	
2334	2	6	4	3	3	3	0	2	2	0	1	2		-62135596800	0	false	
2335	3	6	4	3	3	3	0	2	2	0	1	2		-62135596800	0	false	
2336	0	5	4	0	4	3	0	2	2	0	1	2		-62135596800	0	false	
2337	1	5	4	0	4	3	0	2	2	0	1	2		-62135596800	0	false	
2338	2	5	4	0	4	3	0	2	2	0	1	2		-62135596800	0	false	
2339	3	5	4	0	4	3	0	2	2	0	1	2		-62135596800	0	false	
2340	0	6	4	0	4	3	0	2	2	0	1	2		-62135596800	0	false	
2341	1	6	4	0	4	3	0	2	2	0	1	2		-62135596800	0	false	
2342	2	6	4	0	4	3	0	2	2	0	1	2		-62135596800	0	false	
2343	3	6	4	0	4	3	0	2	2	0	1	2		-62135596800	0	false	
2344	0	5	4	1	4	3	0	2	2	0	1	2	silver	1658276056	29.279536555	true	
2345	1	5	4	1	4	3	0	2	2	0	1	2	silver	1658276537	21.713538064	true	
2346	2	5	4	1	4	3	0	2	2	0	1	2	silver	1658277019	23.114021285	true	
2347	3	5	4	1	4	3	0	2	2	0	1	2	silver	1658277475	23.305549336	true	
2348	0	6	4	1	4	3	0	2	2	0	1	2		-62135596800	0	false	
2349	1	6	4	1	4	3	0	2	2	0	1	2		-62135596800	0	false	
2350	2	6	4	1	4	3	0	2	2	0	1	2		-62135596800	0	false	
2351	3	6	4	1	4	3	0	2	2	0	1	2		-62135596800	0	false	
2352	0	5	4	2	4	3	0	2	2	0	1	2		-62135596800	0	false	
2353	1	5	4	2	4	3	0	2	2	0	1	2		-62135596800	0	false	
2354	2	5	4	2	4	3	0	2	2	0	1	2		-62135596800	0	false	
2355	3	5	4	2	4	3	0	2	2	0	1	2		-62135596800	0	false	
2356	0	6	4	2	4	3	0	2	2	0	1	2		-62135596800	0	false	
2357	1	6	4	2	4	3	0	2	2	0	1	2		-62135596800	0	false	
2358	2	6	4	2	4	3	0	2	2	0	1	2		-62135596800	0	false	
2359	3	6	4	2	4	3	0	2	2	0	1	2		-62135596800	0	false	
2360	0	5	4	3	4	3	0	2	2	0	1	2		-62135596800	0	false	
2361	1	5	4	3	4	3	0	2	2	0	1	2		-62135596800	0	false	
2362	2	5	4	3	4	3	0	2	2	0	1	2		-62135596800	0	false	
2363	3	5	4	3	4	3	0	2	2	0	1	2		-62135596800	0	false	
2364	0	6	4	3	4	3	0	2	2	0	1	2		-62135596800	0	false	
2365	1	6	4	3	4	3	0	2	2	0	1	2		-62135596800	0	false	
2366	2	6	4	3	4	3	0	2	2	0	1	2		-62135596800	0	false	
2367	3	6	4	3	4	3	0	2	2	0	1	2		-62135596800	0	false	
2368	0	5	4	0	3	3	1	2	2	0	1	2		-62135596800	0	false	
2369	1	5	4	0	3	3	1	2	2	0	1	2		-62135596800	0	false	
2370	2	5	4	0	3	3	1	2	2	0	1	2		-62135596800	0	false	
2371	3	5	4	0	3	3	1	2	2	0	1	2		-62135596800	0	false	
2372	0	6	4	0	3	3	1	2	2	0	1	2		-62135596800	0	false	
2373	1	6	4	0	3	3	1	2	2	0	1	2		-62135596800	0	false	
2374	2	6	4	0	3	3	1	2	2	0	1	2		-62135596800	0	false	
2375	3	6	4	0	3	3	1	2	2	0	1	2		-62135596800	0	false	
2376	0	5	4	1	3	3	1	2	2	0	1	2		-62135596800	0	false	
2377	1	5	4	1	3	3	1	2	2	0	1	2		-62135596800	0	false	
2378	2	5	4	1	3	3	1	2	2	0	1	2		-62135596800	0	false	
2379	3	5	4	1	3	3	1	2	2	0	1	2		-62135596800	0	false	
2380	0	6	4	1	3	3	1	2	2	0	1	2		-62135596800	0	false	
2381	1	6	4	1	3	3	1	2	2	0	1	2		-62135596800	0	false	
2382	2	6	4	1	3	3	1	2	2	0	1	2		-62135596800	0	false	
2383	3	6	4	1	3	3	1	2	2	0	1	2		-62135596800	0	false	
2384	0	5	4	2	3	3	1	2	2	0	1	2		-62135596800	0	false	
2385	1	5	4	2	3	3	1	2	2	0	1	2		-62135596800	0	false	
2386	2	5	4	2	3	3	1	2	2	0	1	2		-62135596800	0	false	
2387	3	5	4	2	3	3	1	2	2	0	1	2		-62135596800	0	false	
2388	0	6	4	2	3	3	1	2	2	0	1	2		-62135596800	0	false	
2389	1	6	4	2	3	3	1	2	2	0	1	2		-62135596800	0	false	
2390	2	6	4	2	3	3	1	2	2	0	1	2		-62135596800	0	false	
2391	3	6	4	2	3	3	1	2	2	0	1	2		-62135596800	0	false	
2392	0	5	4	3	3	3	1	2	2	0	1	2		-62135596800	0	false	
2393	1	5	4	3	3	3	1	2	2	0	1	2		-62135596800	0	false	
2394	2	5	4	3	3	3	1	2	2	0	1	2		-62135596800	0	false	
2395	3	5	4	3	3	3	1	2	2	0	1	2		-62135596800	0	false	
2396	0	6	4	3	3	3	1	2	2	0	1	2		-62135596800	0	false	
2397	1	6	4	3	3	3	1	2	2	0	1	2		-62135596800	0	false	
2398	2	6	4	3	3	3	1	2	2	0	1	2		-62135596800	0	false	
2399	3	6	4	3	3	3	1	2	2	0	1	2		-62135596800	0	false	
2400	0	5	4	0	4	3	1	2	2	0	1	2		-62135596800	0	false	
2401	1	5	4	0	4	3	1	2	2	0	1	2		-62135596800	0	false	
2402	2	5	4	0	4	3	1	2	2	0	1	2		-62135596800	0	false	
2403	3	5	4	0	4	3	1	2	2	0	1	2		-62135596800	0	false	
2404	0	6	4	0	4	3	1	2	2	0	1	2		-62135596800	0	false	
2405	1	6	4	0	4	3	1	2	2	0	1	2		-62135596800	0	false	
2406	2	6	4	0	4	3	1	2	2	0	1	2		-62135596800	0	false	
2407	3	6	4	0	4	3	1	2	2	0	1	2		-62135596800	0	false	
2408	0	5	4	1	4	3	1	2	2	0	1	2		-62135596800	0	false	
2409	1	5	4	1	4	3	1	2	2	0	1	2		-62135596800	0	false	
2410	2	5	4	1	4	3	1	2	2	0	1	2		-62135596800	0	false	
2411	3	5	4	1	4	3	1	2	2	0	1	2		-62135596800	0	false	
2412	0	6	4	1	4	3	1	2	2	0	1	2		-62135596800	0	false	
2413	1	6	4	1	4	3	1	2	2	0	1	2		-62135596800	0	false	
2414	2	6	4	1	4	3	1	2	2	0	1	2		-62135596800	0	false	
2415	3	6	4	1	4	3	1	2	2	0	1	2		-62135596800	0	false	
2416	0	5	4	2	4	3	1	2	2	0	1	2		-62135596800	0	false	
2417	1	5	4	2	4	3	1	2	2	0	1	2		-62135596800	0	false	
2418	2	5	4	2	4	3	1	2	2	0	1	2		-62135596800	0	false	
2419	3	5	4	2	4	3	1	2	2	0	1	2		-62135596800	0	false	
2420	0	6	4	2	4	3	1	2	2	0	1	2		-62135596800	0	false	
2421	1	6	4	2	4	3	1	2	2	0	1	2		-62135596800	0	false	
2422	2	6	4	2	4	3	1	2	2	0	1	2		-62135596800	0	false	
2423	3	6	4	2	4	3	1	2	2	0	1	2		-62135596800	0	false	
2424	0	5	4	3	4	3	1	2	2	0	1	2	silver	1658278632	21.610530058	true	
2425	1	5	4	3	4	3	1	2	2	0	1	2	silver	1658277862	20.64944677	true	
2426	2	5	4	3	4	3	1	2	2	0	1	2	silver	1658278250	20.1913328	true	
2427	3	5	4	3	4	3	1	2	2	0	1	2	silver	1658279025	22.292563658	true	
2428	0	6	4	3	4	3	1	2	2	0	1	2		-62135596800	0	false	
2429	1	6	4	3	4	3	1	2	2	0	1	2		-62135596800	0	false	
2430	2	6	4	3	4	3	1	2	2	0	1	2		-62135596800	0	false	
2431	3	6	4	3	4	3	1	2	2	0	1	2		-62135596800	0	false	
2432	0	5	4	0	3	3	2	2	2	0	1	2		-62135596800	0	false	
2433	1	5	4	0	3	3	2	2	2	0	1	2		-62135596800	0	false	
2434	2	5	4	0	3	3	2	2	2	0	1	2		-62135596800	0	false	
2435	3	5	4	0	3	3	2	2	2	0	1	2		-62135596800	0	false	
2436	0	6	4	0	3	3	2	2	2	0	1	2		-62135596800	0	false	
2437	1	6	4	0	3	3	2	2	2	0	1	2		-62135596800	0	false	
2438	2	6	4	0	3	3	2	2	2	0	1	2		-62135596800	0	false	
2439	3	6	4	0	3	3	2	2	2	0	1	2		-62135596800	0	false	
2440	0	5	4	1	3	3	2	2	2	0	1	2		-62135596800	0	false	
2441	1	5	4	1	3	3	2	2	2	0	1	2		-62135596800	0	false	
2442	2	5	4	1	3	3	2	2	2	0	1	2		-62135596800	0	false	
2443	3	5	4	1	3	3	2	2	2	0	1	2		-62135596800	0	false	
2444	0	6	4	1	3	3	2	2	2	0	1	2		-62135596800	0	false	
2445	1	6	4	1	3	3	2	2	2	0	1	2		-62135596800	0	false	
2446	2	6	4	1	3	3	2	2	2	0	1	2		-62135596800	0	false	
2447	3	6	4	1	3	3	2	2	2	0	1	2		-62135596800	0	false	
2448	0	5	4	2	3	3	2	2	2	0	1	2		-62135596800	0	false	
2449	1	5	4	2	3	3	2	2	2	0	1	2		-62135596800	0	false	
2450	2	5	4	2	3	3	2	2	2	0	1	2		-62135596800	0	false	
2451	3	5	4	2	3	3	2	2	2	0	1	2		-62135596800	0	false	
2452	0	6	4	2	3	3	2	2	2	0	1	2		-62135596800	0	false	
2453	1	6	4	2	3	3	2	2	2	0	1	2		-62135596800	0	false	
2454	2	6	4	2	3	3	2	2	2	0	1	2		-62135596800	0	false	
2455	3	6	4	2	3	3	2	2	2	0	1	2		-62135596800	0	false	
2456	0	5	4	3	3	3	2	2	2	0	1	2		-62135596800	0	false	
2457	1	5	4	3	3	3	2	2	2	0	1	2		-62135596800	0	false	
2458	2	5	4	3	3	3	2	2	2	0	1	2		-62135596800	0	false	
2459	3	5	4	3	3	3	2	2	2	0	1	2		-62135596800	0	false	
2460	0	6	4	3	3	3	2	2	2	0	1	2		-62135596800	0	false	
2461	1	6	4	3	3	3	2	2	2	0	1	2		-62135596800	0	false	
2462	2	6	4	3	3	3	2	2	2	0	1	2		-62135596800	0	false	
2463	3	6	4	3	3	3	2	2	2	0	1	2		-62135596800	0	false	
2464	0	5	4	0	4	3	2	2	2	0	1	2		-62135596800	0	false	
2465	1	5	4	0	4	3	2	2	2	0	1	2		-62135596800	0	false	
2466	2	5	4	0	4	3	2	2	2	0	1	2		-62135596800	0	false	
2467	3	5	4	0	4	3	2	2	2	0	1	2		-62135596800	0	false	
2468	0	6	4	0	4	3	2	2	2	0	1	2		-62135596800	0	false	
2469	1	6	4	0	4	3	2	2	2	0	1	2		-62135596800	0	false	
2470	2	6	4	0	4	3	2	2	2	0	1	2		-62135596800	0	false	
2471	3	6	4	0	4	3	2	2	2	0	1	2		-62135596800	0	false	
2472	0	5	4	1	4	3	2	2	2	0	1	2		-62135596800	0	false	
2473	1	5	4	1	4	3	2	2	2	0	1	2		-62135596800	0	false	
2474	2	5	4	1	4	3	2	2	2	0	1	2		-62135596800	0	false	
2475	3	5	4	1	4	3	2	2	2	0	1	2		-62135596800	0	false	
2476	0	6	4	1	4	3	2	2	2	0	1	2		-62135596800	0	false	
2477	1	6	4	1	4	3	2	2	2	0	1	2		-62135596800	0	false	
2478	2	6	4	1	4	3	2	2	2	0	1	2		-62135596800	0	false	
2479	3	6	4	1	4	3	2	2	2	0	1	2		-62135596800	0	false	
2480	0	5	4	2	4	3	2	2	2	0	1	2		-62135596800	0	false	
2481	1	5	4	2	4	3	2	2	2	0	1	2		-62135596800	0	false	
2482	2	5	4	2	4	3	2	2	2	0	1	2		-62135596800	0	false	
2483	3	5	4	2	4	3	2	2	2	0	1	2		-62135596800	0	false	
2484	0	6	4	2	4	3	2	2	2	0	1	2		-62135596800	0	false	
2485	1	6	4	2	4	3	2	2	2	0	1	2		-62135596800	0	false	
2486	2	6	4	2	4	3	2	2	2	0	1	2		-62135596800	0	false	
2487	3	6	4	2	4	3	2	2	2	0	1	2		-62135596800	0	false	
2488	0	5	4	3	4	3	2	2	2	0	1	2		-62135596800	0	false	
2489	1	5	4	3	4	3	2	2	2	0	1	2		-62135596800	0	false	
2490	2	5	4	3	4	3	2	2	2	0	1	2		-62135596800	0	false	
2491	3	5	4	3	4	3	2	2	2	0	1	2		-62135596800	0	false	
2492	0	6	4	3	4	3	2	2	2	0	1	2		-62135596800	0	false	
2493	1	6	4	3	4	3	2	2	2	0	1	2		-62135596800	0	false	
2494	2	6	4	3	4	3	2	2	2	0	1	2		-62135596800	0	false	
2495	3	6	4	3	4	3	2	2	2	0	1	2		-62135596800	0	false	
2496	0	5	4	0	3	3	3	2	2	0	1	2		-62135596800	0	false	
2497	1	5	4	0	3	3	3	2	2	0	1	2		-62135596800	0	false	
2498	2	5	4	0	3	3	3	2	2	0	1	2		-62135596800	0	false	
2499	3	5	4	0	3	3	3	2	2	0	1	2		-62135596800	0	false	
2500	0	6	4	0	3	3	3	2	2	0	1	2		-62135596800	0	false	
2501	1	6	4	0	3	3	3	2	2	0	1	2		-62135596800	0	false	
2502	2	6	4	0	3	3	3	2	2	0	1	2		-62135596800	0	false	
2503	3	6	4	0	3	3	3	2	2	0	1	2		-62135596800	0	false	
2504	0	5	4	1	3	3	3	2	2	0	1	2		-62135596800	0	false	
2505	1	5	4	1	3	3	3	2	2	0	1	2		-62135596800	0	false	
2506	2	5	4	1	3	3	3	2	2	0	1	2		-62135596800	0	false	
2507	3	5	4	1	3	3	3	2	2	0	1	2		-62135596800	0	false	
2508	0	6	4	1	3	3	3	2	2	0	1	2		-62135596800	0	false	
2509	1	6	4	1	3	3	3	2	2	0	1	2		-62135596800	0	false	
2510	2	6	4	1	3	3	3	2	2	0	1	2		-62135596800	0	false	
2511	3	6	4	1	3	3	3	2	2	0	1	2		-62135596800	0	false	
2512	0	5	4	2	3	3	3	2	2	0	1	2		-62135596800	0	false	
2513	1	5	4	2	3	3	3	2	2	0	1	2		-62135596800	0	false	
2514	2	5	4	2	3	3	3	2	2	0	1	2		-62135596800	0	false	
2515	3	5	4	2	3	3	3	2	2	0	1	2		-62135596800	0	false	
2516	0	6	4	2	3	3	3	2	2	0	1	2		-62135596800	0	false	
2517	1	6	4	2	3	3	3	2	2	0	1	2		-62135596800	0	false	
2518	2	6	4	2	3	3	3	2	2	0	1	2		-62135596800	0	false	
2519	3	6	4	2	3	3	3	2	2	0	1	2		-62135596800	0	false	
2520	0	5	4	3	3	3	3	2	2	0	1	2		-62135596800	0	false	
2521	1	5	4	3	3	3	3	2	2	0	1	2		-62135596800	0	false	
2522	2	5	4	3	3	3	3	2	2	0	1	2		-62135596800	0	false	
2523	3	5	4	3	3	3	3	2	2	0	1	2		-62135596800	0	false	
2524	0	6	4	3	3	3	3	2	2	0	1	2		-62135596800	0	false	
2525	1	6	4	3	3	3	3	2	2	0	1	2		-62135596800	0	false	
2526	2	6	4	3	3	3	3	2	2	0	1	2		-62135596800	0	false	
2527	3	6	4	3	3	3	3	2	2	0	1	2		-62135596800	0	false	
2528	0	5	4	0	4	3	3	2	2	0	1	2		-62135596800	0	false	
2529	1	5	4	0	4	3	3	2	2	0	1	2		-62135596800	0	false	
2530	2	5	4	0	4	3	3	2	2	0	1	2		-62135596800	0	false	
2531	3	5	4	0	4	3	3	2	2	0	1	2		-62135596800	0	false	
2532	0	6	4	0	4	3	3	2	2	0	1	2		-62135596800	0	false	
2533	1	6	4	0	4	3	3	2	2	0	1	2		-62135596800	0	false	
2534	2	6	4	0	4	3	3	2	2	0	1	2		-62135596800	0	false	
2535	3	6	4	0	4	3	3	2	2	0	1	2		-62135596800	0	false	
2536	0	5	4	1	4	3	3	2	2	0	1	2		-62135596800	0	false	
2537	1	5	4	1	4	3	3	2	2	0	1	2		-62135596800	0	false	
2538	2	5	4	1	4	3	3	2	2	0	1	2		-62135596800	0	false	
2539	3	5	4	1	4	3	3	2	2	0	1	2		-62135596800	0	false	
2540	0	6	4	1	4	3	3	2	2	0	1	2		-62135596800	0	false	
2541	1	6	4	1	4	3	3	2	2	0	1	2		-62135596800	0	false	
2542	2	6	4	1	4	3	3	2	2	0	1	2		-62135596800	0	false	
2543	3	6	4	1	4	3	3	2	2	0	1	2		-62135596800	0	false	
2544	0	5	4	2	4	3	3	2	2	0	1	2		-62135596800	0	false	
2545	1	5	4	2	4	3	3	2	2	0	1	2		-62135596800	0	false	
2546	2	5	4	2	4	3	3	2	2	0	1	2		-62135596800	0	false	
2547	3	5	4	2	4	3	3	2	2	0	1	2		-62135596800	0	false	
2548	0	6	4	2	4	3	3	2	2	0	1	2		-62135596800	0	false	
2549	1	6	4	2	4	3	3	2	2	0	1	2		-62135596800	0	false	
2550	2	6	4	2	4	3	3	2	2	0	1	2		-62135596800	0	false	
2551	3	6	4	2	4	3	3	2	2	0	1	2		-62135596800	0	false	
2552	0	5	4	3	4	3	3	2	2	0	1	2		-62135596800	0	false	
2553	1	5	4	3	4	3	3	2	2	0	1	2		-62135596800	0	false	
2554	2	5	4	3	4	3	3	2	2	0	1	2		-62135596800	0	false	
2555	3	5	4	3	4	3	3	2	2	0	1	2		-62135596800	0	false	
2556	0	6	4	3	4	3	3	2	2	0	1	2		-62135596800	0	false	
2557	1	6	4	3	4	3	3	2	2	0	1	2		-62135596800	0	false	
2558	2	6	4	3	4	3	3	2	2	0	1	2		-62135596800	0	false	
2559	3	6	4	3	4	3	3	2	2	0	1	2		-62135596800	0	false	
2560	0	5	4	0	3	3	0	1	2	1	1	2	silver	1658247599	63.143994912	true	
2561	1	5	4	0	3	3	0	1	2	1	1	2	silver	1658248012	28.254128033	true	
2562	2	5	4	0	3	3	0	1	2	1	1	2	silver	1658246822	27.937178868	true	
2563	3	5	4	0	3	3	0	1	2	1	1	2	silver	1658247213	26.192061574	true	
2564	0	6	4	0	3	3	0	1	2	1	1	2		-62135596800	0	false	
2565	1	6	4	0	3	3	0	1	2	1	1	2		-62135596800	0	false	
2566	2	6	4	0	3	3	0	1	2	1	1	2		-62135596800	0	false	
2567	3	6	4	0	3	3	0	1	2	1	1	2		-62135596800	0	false	
2568	0	5	4	1	3	3	0	1	2	1	1	2		-62135596800	0	false	
2569	1	5	4	1	3	3	0	1	2	1	1	2		-62135596800	0	false	
2570	2	5	4	1	3	3	0	1	2	1	1	2		-62135596800	0	false	
2571	3	5	4	1	3	3	0	1	2	1	1	2		-62135596800	0	false	
2572	0	6	4	1	3	3	0	1	2	1	1	2		-62135596800	0	false	
2573	1	6	4	1	3	3	0	1	2	1	1	2		-62135596800	0	false	
2574	2	6	4	1	3	3	0	1	2	1	1	2		-62135596800	0	false	
2575	3	6	4	1	3	3	0	1	2	1	1	2		-62135596800	0	false	
2576	0	5	4	2	3	3	0	1	2	1	1	2		-62135596800	0	false	
2577	1	5	4	2	3	3	0	1	2	1	1	2		-62135596800	0	false	
2578	2	5	4	2	3	3	0	1	2	1	1	2		-62135596800	0	false	
2579	3	5	4	2	3	3	0	1	2	1	1	2		-62135596800	0	false	
2580	0	6	4	2	3	3	0	1	2	1	1	2		-62135596800	0	false	
2581	1	6	4	2	3	3	0	1	2	1	1	2		-62135596800	0	false	
2582	2	6	4	2	3	3	0	1	2	1	1	2		-62135596800	0	false	
2583	3	6	4	2	3	3	0	1	2	1	1	2		-62135596800	0	false	
2584	0	5	4	3	3	3	0	1	2	1	1	2		-62135596800	0	false	
2585	1	5	4	3	3	3	0	1	2	1	1	2		-62135596800	0	false	
2586	2	5	4	3	3	3	0	1	2	1	1	2		-62135596800	0	false	
2587	3	5	4	3	3	3	0	1	2	1	1	2		-62135596800	0	false	
2588	0	6	4	3	3	3	0	1	2	1	1	2		-62135596800	0	false	
2589	1	6	4	3	3	3	0	1	2	1	1	2		-62135596800	0	false	
2590	2	6	4	3	3	3	0	1	2	1	1	2		-62135596800	0	false	
2591	3	6	4	3	3	3	0	1	2	1	1	2		-62135596800	0	false	
2592	0	5	4	0	4	3	0	1	2	1	1	2		-62135596800	0	false	
2593	1	5	4	0	4	3	0	1	2	1	1	2		-62135596800	0	false	
2594	2	5	4	0	4	3	0	1	2	1	1	2		-62135596800	0	false	
2595	3	5	4	0	4	3	0	1	2	1	1	2		-62135596800	0	false	
2596	0	6	4	0	4	3	0	1	2	1	1	2		-62135596800	0	false	
2597	1	6	4	0	4	3	0	1	2	1	1	2		-62135596800	0	false	
2598	2	6	4	0	4	3	0	1	2	1	1	2		-62135596800	0	false	
2599	3	6	4	0	4	3	0	1	2	1	1	2		-62135596800	0	false	
2600	0	5	4	1	4	3	0	1	2	1	1	2		-62135596800	0	false	
2601	1	5	4	1	4	3	0	1	2	1	1	2		-62135596800	0	false	
2602	2	5	4	1	4	3	0	1	2	1	1	2		-62135596800	0	false	
2603	3	5	4	1	4	3	0	1	2	1	1	2		-62135596800	0	false	
2604	0	6	4	1	4	3	0	1	2	1	1	2		-62135596800	0	false	
2605	1	6	4	1	4	3	0	1	2	1	1	2		-62135596800	0	false	
2606	2	6	4	1	4	3	0	1	2	1	1	2		-62135596800	0	false	
2607	3	6	4	1	4	3	0	1	2	1	1	2		-62135596800	0	false	
2608	0	5	4	2	4	3	0	1	2	1	1	2		-62135596800	0	false	
2609	1	5	4	2	4	3	0	1	2	1	1	2		-62135596800	0	false	
2610	2	5	4	2	4	3	0	1	2	1	1	2		-62135596800	0	false	
2611	3	5	4	2	4	3	0	1	2	1	1	2		-62135596800	0	false	
2612	0	6	4	2	4	3	0	1	2	1	1	2		-62135596800	0	false	
2613	1	6	4	2	4	3	0	1	2	1	1	2		-62135596800	0	false	
2614	2	6	4	2	4	3	0	1	2	1	1	2		-62135596800	0	false	
2615	3	6	4	2	4	3	0	1	2	1	1	2		-62135596800	0	false	
2616	0	5	4	3	4	3	0	1	2	1	1	2		-62135596800	0	false	
2617	1	5	4	3	4	3	0	1	2	1	1	2		-62135596800	0	false	
2618	2	5	4	3	4	3	0	1	2	1	1	2		-62135596800	0	false	
2619	3	5	4	3	4	3	0	1	2	1	1	2		-62135596800	0	false	
2620	0	6	4	3	4	3	0	1	2	1	1	2		-62135596800	0	false	
2621	1	6	4	3	4	3	0	1	2	1	1	2		-62135596800	0	false	
2622	2	6	4	3	4	3	0	1	2	1	1	2		-62135596800	0	false	
2623	3	6	4	3	4	3	0	1	2	1	1	2		-62135596800	0	false	
2624	0	5	4	0	3	3	1	1	2	1	1	2		-62135596800	0	false	
2625	1	5	4	0	3	3	1	1	2	1	1	2		-62135596800	0	false	
2626	2	5	4	0	3	3	1	1	2	1	1	2		-62135596800	0	false	
2627	3	5	4	0	3	3	1	1	2	1	1	2		-62135596800	0	false	
2628	0	6	4	0	3	3	1	1	2	1	1	2		-62135596800	0	false	
2629	1	6	4	0	3	3	1	1	2	1	1	2		-62135596800	0	false	
2630	2	6	4	0	3	3	1	1	2	1	1	2		-62135596800	0	false	
2631	3	6	4	0	3	3	1	1	2	1	1	2		-62135596800	0	false	
2632	0	5	4	1	3	3	1	1	2	1	1	2		-62135596800	0	false	
2633	1	5	4	1	3	3	1	1	2	1	1	2		-62135596800	0	false	
2634	2	5	4	1	3	3	1	1	2	1	1	2		-62135596800	0	false	
2635	3	5	4	1	3	3	1	1	2	1	1	2		-62135596800	0	false	
2636	0	6	4	1	3	3	1	1	2	1	1	2		-62135596800	0	false	
2637	1	6	4	1	3	3	1	1	2	1	1	2		-62135596800	0	false	
2638	2	6	4	1	3	3	1	1	2	1	1	2		-62135596800	0	false	
2639	3	6	4	1	3	3	1	1	2	1	1	2		-62135596800	0	false	
2640	0	5	4	2	3	3	1	1	2	1	1	2		-62135596800	0	false	
2641	1	5	4	2	3	3	1	1	2	1	1	2		-62135596800	0	false	
2642	2	5	4	2	3	3	1	1	2	1	1	2		-62135596800	0	false	
2643	3	5	4	2	3	3	1	1	2	1	1	2		-62135596800	0	false	
2644	0	6	4	2	3	3	1	1	2	1	1	2		-62135596800	0	false	
2645	1	6	4	2	3	3	1	1	2	1	1	2		-62135596800	0	false	
2646	2	6	4	2	3	3	1	1	2	1	1	2		-62135596800	0	false	
2647	3	6	4	2	3	3	1	1	2	1	1	2		-62135596800	0	false	
2648	0	5	4	3	3	3	1	1	2	1	1	2		-62135596800	0	false	
2649	1	5	4	3	3	3	1	1	2	1	1	2		-62135596800	0	false	
2650	2	5	4	3	3	3	1	1	2	1	1	2		-62135596800	0	false	
2651	3	5	4	3	3	3	1	1	2	1	1	2		-62135596800	0	false	
2652	0	6	4	3	3	3	1	1	2	1	1	2		-62135596800	0	false	
2653	1	6	4	3	3	3	1	1	2	1	1	2		-62135596800	0	false	
2654	2	6	4	3	3	3	1	1	2	1	1	2		-62135596800	0	false	
2655	3	6	4	3	3	3	1	1	2	1	1	2		-62135596800	0	false	
2656	0	5	4	0	4	3	1	1	2	1	1	2		-62135596800	0	false	
2657	1	5	4	0	4	3	1	1	2	1	1	2		-62135596800	0	false	
2658	2	5	4	0	4	3	1	1	2	1	1	2		-62135596800	0	false	
2659	3	5	4	0	4	3	1	1	2	1	1	2		-62135596800	0	false	
2660	0	6	4	0	4	3	1	1	2	1	1	2		-62135596800	0	false	
2661	1	6	4	0	4	3	1	1	2	1	1	2		-62135596800	0	false	
2662	2	6	4	0	4	3	1	1	2	1	1	2		-62135596800	0	false	
2663	3	6	4	0	4	3	1	1	2	1	1	2		-62135596800	0	false	
2664	0	5	4	1	4	3	1	1	2	1	1	2		-62135596800	0	false	
2665	1	5	4	1	4	3	1	1	2	1	1	2		-62135596800	0	false	
2666	2	5	4	1	4	3	1	1	2	1	1	2		-62135596800	0	false	
2667	3	5	4	1	4	3	1	1	2	1	1	2		-62135596800	0	false	
2668	0	6	4	1	4	3	1	1	2	1	1	2		-62135596800	0	false	
2669	1	6	4	1	4	3	1	1	2	1	1	2		-62135596800	0	false	
2670	2	6	4	1	4	3	1	1	2	1	1	2		-62135596800	0	false	
2671	3	6	4	1	4	3	1	1	2	1	1	2		-62135596800	0	false	
2672	0	5	4	2	4	3	1	1	2	1	1	2		-62135596800	0	false	
2673	1	5	4	2	4	3	1	1	2	1	1	2		-62135596800	0	false	
2674	2	5	4	2	4	3	1	1	2	1	1	2		-62135596800	0	false	
2675	3	5	4	2	4	3	1	1	2	1	1	2		-62135596800	0	false	
2676	0	6	4	2	4	3	1	1	2	1	1	2		-62135596800	0	false	
2677	1	6	4	2	4	3	1	1	2	1	1	2		-62135596800	0	false	
2678	2	6	4	2	4	3	1	1	2	1	1	2		-62135596800	0	false	
2679	3	6	4	2	4	3	1	1	2	1	1	2		-62135596800	0	false	
2680	0	5	4	3	4	3	1	1	2	1	1	2		-62135596800	0	false	
2681	1	5	4	3	4	3	1	1	2	1	1	2		-62135596800	0	false	
2682	2	5	4	3	4	3	1	1	2	1	1	2		-62135596800	0	false	
2683	3	5	4	3	4	3	1	1	2	1	1	2		-62135596800	0	false	
2684	0	6	4	3	4	3	1	1	2	1	1	2		-62135596800	0	false	
2685	1	6	4	3	4	3	1	1	2	1	1	2		-62135596800	0	false	
2686	2	6	4	3	4	3	1	1	2	1	1	2		-62135596800	0	false	
2687	3	6	4	3	4	3	1	1	2	1	1	2		-62135596800	0	false	
2688	0	5	4	0	3	3	2	1	2	1	1	2		-62135596800	0	false	
2689	1	5	4	0	3	3	2	1	2	1	1	2		-62135596800	0	false	
2690	2	5	4	0	3	3	2	1	2	1	1	2		-62135596800	0	false	
2691	3	5	4	0	3	3	2	1	2	1	1	2		-62135596800	0	false	
2692	0	6	4	0	3	3	2	1	2	1	1	2		-62135596800	0	false	
2693	1	6	4	0	3	3	2	1	2	1	1	2		-62135596800	0	false	
2694	2	6	4	0	3	3	2	1	2	1	1	2		-62135596800	0	false	
2695	3	6	4	0	3	3	2	1	2	1	1	2		-62135596800	0	false	
2696	0	5	4	1	3	3	2	1	2	1	1	2		-62135596800	0	false	
2697	1	5	4	1	3	3	2	1	2	1	1	2		-62135596800	0	false	
2698	2	5	4	1	3	3	2	1	2	1	1	2		-62135596800	0	false	
2699	3	5	4	1	3	3	2	1	2	1	1	2		-62135596800	0	false	
2700	0	6	4	1	3	3	2	1	2	1	1	2		-62135596800	0	false	
2701	1	6	4	1	3	3	2	1	2	1	1	2		-62135596800	0	false	
2702	2	6	4	1	3	3	2	1	2	1	1	2		-62135596800	0	false	
2703	3	6	4	1	3	3	2	1	2	1	1	2		-62135596800	0	false	
2704	0	5	4	2	3	3	2	1	2	1	1	2		-62135596800	0	false	
2705	1	5	4	2	3	3	2	1	2	1	1	2		-62135596800	0	false	
2706	2	5	4	2	3	3	2	1	2	1	1	2		-62135596800	0	false	
2707	3	5	4	2	3	3	2	1	2	1	1	2		-62135596800	0	false	
2708	0	6	4	2	3	3	2	1	2	1	1	2		-62135596800	0	false	
2709	1	6	4	2	3	3	2	1	2	1	1	2		-62135596800	0	false	
2710	2	6	4	2	3	3	2	1	2	1	1	2		-62135596800	0	false	
2711	3	6	4	2	3	3	2	1	2	1	1	2		-62135596800	0	false	
2712	0	5	4	3	3	3	2	1	2	1	1	2		-62135596800	0	false	
2713	1	5	4	3	3	3	2	1	2	1	1	2		-62135596800	0	false	
2714	2	5	4	3	3	3	2	1	2	1	1	2		-62135596800	0	false	
2715	3	5	4	3	3	3	2	1	2	1	1	2		-62135596800	0	false	
2716	0	6	4	3	3	3	2	1	2	1	1	2		-62135596800	0	false	
2717	1	6	4	3	3	3	2	1	2	1	1	2		-62135596800	0	false	
2718	2	6	4	3	3	3	2	1	2	1	1	2		-62135596800	0	false	
2719	3	6	4	3	3	3	2	1	2	1	1	2		-62135596800	0	false	
2720	0	5	4	0	4	3	2	1	2	1	1	2		-62135596800	0	false	
2721	1	5	4	0	4	3	2	1	2	1	1	2		-62135596800	0	false	
2722	2	5	4	0	4	3	2	1	2	1	1	2		-62135596800	0	false	
2723	3	5	4	0	4	3	2	1	2	1	1	2		-62135596800	0	false	
2724	0	6	4	0	4	3	2	1	2	1	1	2		-62135596800	0	false	
2725	1	6	4	0	4	3	2	1	2	1	1	2		-62135596800	0	false	
2726	2	6	4	0	4	3	2	1	2	1	1	2		-62135596800	0	false	
2727	3	6	4	0	4	3	2	1	2	1	1	2		-62135596800	0	false	
2728	0	5	4	1	4	3	2	1	2	1	1	2		-62135596800	0	false	
2729	1	5	4	1	4	3	2	1	2	1	1	2		-62135596800	0	false	
2730	2	5	4	1	4	3	2	1	2	1	1	2		-62135596800	0	false	
2731	3	5	4	1	4	3	2	1	2	1	1	2		-62135596800	0	false	
2732	0	6	4	1	4	3	2	1	2	1	1	2		-62135596800	0	false	
2733	1	6	4	1	4	3	2	1	2	1	1	2		-62135596800	0	false	
2734	2	6	4	1	4	3	2	1	2	1	1	2		-62135596800	0	false	
2735	3	6	4	1	4	3	2	1	2	1	1	2		-62135596800	0	false	
2736	0	5	4	2	4	3	2	1	2	1	1	2		-62135596800	0	false	
2737	1	5	4	2	4	3	2	1	2	1	1	2		-62135596800	0	false	
2738	2	5	4	2	4	3	2	1	2	1	1	2		-62135596800	0	false	
2739	3	5	4	2	4	3	2	1	2	1	1	2		-62135596800	0	false	
2740	0	6	4	2	4	3	2	1	2	1	1	2		-62135596800	0	false	
2741	1	6	4	2	4	3	2	1	2	1	1	2		-62135596800	0	false	
2742	2	6	4	2	4	3	2	1	2	1	1	2		-62135596800	0	false	
2743	3	6	4	2	4	3	2	1	2	1	1	2		-62135596800	0	false	
2744	0	5	4	3	4	3	2	1	2	1	1	2		-62135596800	0	false	
2745	1	5	4	3	4	3	2	1	2	1	1	2		-62135596800	0	false	
2746	2	5	4	3	4	3	2	1	2	1	1	2		-62135596800	0	false	
2747	3	5	4	3	4	3	2	1	2	1	1	2		-62135596800	0	false	
2748	0	6	4	3	4	3	2	1	2	1	1	2		-62135596800	0	false	
2749	1	6	4	3	4	3	2	1	2	1	1	2		-62135596800	0	false	
2750	2	6	4	3	4	3	2	1	2	1	1	2		-62135596800	0	false	
2751	3	6	4	3	4	3	2	1	2	1	1	2		-62135596800	0	false	
2752	0	5	4	0	3	3	3	1	2	1	1	2		-62135596800	0	false	
2753	1	5	4	0	3	3	3	1	2	1	1	2		-62135596800	0	false	
2754	2	5	4	0	3	3	3	1	2	1	1	2		-62135596800	0	false	
2755	3	5	4	0	3	3	3	1	2	1	1	2		-62135596800	0	false	
2756	0	6	4	0	3	3	3	1	2	1	1	2		-62135596800	0	false	
2757	1	6	4	0	3	3	3	1	2	1	1	2		-62135596800	0	false	
2758	2	6	4	0	3	3	3	1	2	1	1	2		-62135596800	0	false	
2759	3	6	4	0	3	3	3	1	2	1	1	2		-62135596800	0	false	
2760	0	5	4	1	3	3	3	1	2	1	1	2		-62135596800	0	false	
2761	1	5	4	1	3	3	3	1	2	1	1	2		-62135596800	0	false	
2762	2	5	4	1	3	3	3	1	2	1	1	2		-62135596800	0	false	
2763	3	5	4	1	3	3	3	1	2	1	1	2		-62135596800	0	false	
2764	0	6	4	1	3	3	3	1	2	1	1	2		-62135596800	0	false	
2765	1	6	4	1	3	3	3	1	2	1	1	2		-62135596800	0	false	
2766	2	6	4	1	3	3	3	1	2	1	1	2		-62135596800	0	false	
2767	3	6	4	1	3	3	3	1	2	1	1	2		-62135596800	0	false	
2768	0	5	4	2	3	3	3	1	2	1	1	2		-62135596800	0	false	
2769	1	5	4	2	3	3	3	1	2	1	1	2		-62135596800	0	false	
2770	2	5	4	2	3	3	3	1	2	1	1	2		-62135596800	0	false	
2771	3	5	4	2	3	3	3	1	2	1	1	2		-62135596800	0	false	
2772	0	6	4	2	3	3	3	1	2	1	1	2		-62135596800	0	false	
2773	1	6	4	2	3	3	3	1	2	1	1	2		-62135596800	0	false	
2774	2	6	4	2	3	3	3	1	2	1	1	2		-62135596800	0	false	
2775	3	6	4	2	3	3	3	1	2	1	1	2		-62135596800	0	false	
2776	0	5	4	3	3	3	3	1	2	1	1	2		-62135596800	0	false	
2777	1	5	4	3	3	3	3	1	2	1	1	2		-62135596800	0	false	
2778	2	5	4	3	3	3	3	1	2	1	1	2		-62135596800	0	false	
2779	3	5	4	3	3	3	3	1	2	1	1	2		-62135596800	0	false	
2780	0	6	4	3	3	3	3	1	2	1	1	2		-62135596800	0	false	
2781	1	6	4	3	3	3	3	1	2	1	1	2		-62135596800	0	false	
2782	2	6	4	3	3	3	3	1	2	1	1	2		-62135596800	0	false	
2783	3	6	4	3	3	3	3	1	2	1	1	2		-62135596800	0	false	
2784	0	5	4	0	4	3	3	1	2	1	1	2		-62135596800	0	false	
2785	1	5	4	0	4	3	3	1	2	1	1	2		-62135596800	0	false	
2786	2	5	4	0	4	3	3	1	2	1	1	2		-62135596800	0	false	
2787	3	5	4	0	4	3	3	1	2	1	1	2		-62135596800	0	false	
2788	0	6	4	0	4	3	3	1	2	1	1	2		-62135596800	0	false	
2789	1	6	4	0	4	3	3	1	2	1	1	2		-62135596800	0	false	
2790	2	6	4	0	4	3	3	1	2	1	1	2		-62135596800	0	false	
2791	3	6	4	0	4	3	3	1	2	1	1	2		-62135596800	0	false	
2792	0	5	4	1	4	3	3	1	2	1	1	2		-62135596800	0	false	
2793	1	5	4	1	4	3	3	1	2	1	1	2		-62135596800	0	false	
2794	2	5	4	1	4	3	3	1	2	1	1	2		-62135596800	0	false	
2795	3	5	4	1	4	3	3	1	2	1	1	2		-62135596800	0	false	
2796	0	6	4	1	4	3	3	1	2	1	1	2		-62135596800	0	false	
2797	1	6	4	1	4	3	3	1	2	1	1	2		-62135596800	0	false	
2798	2	6	4	1	4	3	3	1	2	1	1	2		-62135596800	0	false	
2799	3	6	4	1	4	3	3	1	2	1	1	2		-62135596800	0	false	
2800	0	5	4	2	4	3	3	1	2	1	1	2		-62135596800	0	false	
2801	1	5	4	2	4	3	3	1	2	1	1	2		-62135596800	0	false	
2802	2	5	4	2	4	3	3	1	2	1	1	2		-62135596800	0	false	
2803	3	5	4	2	4	3	3	1	2	1	1	2		-62135596800	0	false	
2804	0	6	4	2	4	3	3	1	2	1	1	2		-62135596800	0	false	
2805	1	6	4	2	4	3	3	1	2	1	1	2		-62135596800	0	false	
2806	2	6	4	2	4	3	3	1	2	1	1	2		-62135596800	0	false	
2807	3	6	4	2	4	3	3	1	2	1	1	2		-62135596800	0	false	
2808	0	5	4	3	4	3	3	1	2	1	1	2		-62135596800	0	false	
2809	1	5	4	3	4	3	3	1	2	1	1	2		-62135596800	0	false	
2810	2	5	4	3	4	3	3	1	2	1	1	2		-62135596800	0	false	
2811	3	5	4	3	4	3	3	1	2	1	1	2		-62135596800	0	false	
2812	0	6	4	3	4	3	3	1	2	1	1	2		-62135596800	0	false	
2813	1	6	4	3	4	3	3	1	2	1	1	2		-62135596800	0	false	
2814	2	6	4	3	4	3	3	1	2	1	1	2		-62135596800	0	false	
2815	3	6	4	3	4	3	3	1	2	1	1	2		-62135596800	0	false	
2816	0	5	4	0	3	3	0	2	2	1	1	2		-62135596800	0	false	
2817	1	5	4	0	3	3	0	2	2	1	1	2		-62135596800	0	false	
2818	2	5	4	0	3	3	0	2	2	1	1	2		-62135596800	0	false	
2819	3	5	4	0	3	3	0	2	2	1	1	2		-62135596800	0	false	
2820	0	6	4	0	3	3	0	2	2	1	1	2		-62135596800	0	false	
2821	1	6	4	0	3	3	0	2	2	1	1	2		-62135596800	0	false	
2822	2	6	4	0	3	3	0	2	2	1	1	2		-62135596800	0	false	
2823	3	6	4	0	3	3	0	2	2	1	1	2		-62135596800	0	false	
2824	0	5	4	1	3	3	0	2	2	1	1	2		-62135596800	0	false	
2825	1	5	4	1	3	3	0	2	2	1	1	2		-62135596800	0	false	
2826	2	5	4	1	3	3	0	2	2	1	1	2		-62135596800	0	false	
2827	3	5	4	1	3	3	0	2	2	1	1	2		-62135596800	0	false	
2828	0	6	4	1	3	3	0	2	2	1	1	2		-62135596800	0	false	
2829	1	6	4	1	3	3	0	2	2	1	1	2		-62135596800	0	false	
2830	2	6	4	1	3	3	0	2	2	1	1	2		-62135596800	0	false	
2831	3	6	4	1	3	3	0	2	2	1	1	2		-62135596800	0	false	
2832	0	5	4	2	3	3	0	2	2	1	1	2		-62135596800	0	false	
2833	1	5	4	2	3	3	0	2	2	1	1	2		-62135596800	0	false	
2834	2	5	4	2	3	3	0	2	2	1	1	2		-62135596800	0	false	
2835	3	5	4	2	3	3	0	2	2	1	1	2		-62135596800	0	false	
2836	0	6	4	2	3	3	0	2	2	1	1	2		-62135596800	0	false	
2837	1	6	4	2	3	3	0	2	2	1	1	2		-62135596800	0	false	
2838	2	6	4	2	3	3	0	2	2	1	1	2		-62135596800	0	false	
2839	3	6	4	2	3	3	0	2	2	1	1	2		-62135596800	0	false	
2840	0	5	4	3	3	3	0	2	2	1	1	2		-62135596800	0	false	
2841	1	5	4	3	3	3	0	2	2	1	1	2		-62135596800	0	false	
2842	2	5	4	3	3	3	0	2	2	1	1	2		-62135596800	0	false	
2843	3	5	4	3	3	3	0	2	2	1	1	2		-62135596800	0	false	
2844	0	6	4	3	3	3	0	2	2	1	1	2		-62135596800	0	false	
2845	1	6	4	3	3	3	0	2	2	1	1	2		-62135596800	0	false	
2846	2	6	4	3	3	3	0	2	2	1	1	2		-62135596800	0	false	
2847	3	6	4	3	3	3	0	2	2	1	1	2		-62135596800	0	false	
2848	0	5	4	0	4	3	0	2	2	1	1	2		-62135596800	0	false	
2849	1	5	4	0	4	3	0	2	2	1	1	2		-62135596800	0	false	
2850	2	5	4	0	4	3	0	2	2	1	1	2		-62135596800	0	false	
2851	3	5	4	0	4	3	0	2	2	1	1	2		-62135596800	0	false	
2852	0	6	4	0	4	3	0	2	2	1	1	2	silver	1658254660	62.038880232	true	
2853	1	6	4	0	4	3	0	2	2	1	1	2	silver	1658253880	28.312075543	true	
2854	2	6	4	0	4	3	0	2	2	1	1	2	silver	1658253490	24.91133638	true	
2855	3	6	4	0	4	3	0	2	2	1	1	2	silver	1658254274	26.599886481	true	
2856	0	5	4	1	4	3	0	2	2	1	1	2		-62135596800	0	false	
2857	1	5	4	1	4	3	0	2	2	1	1	2		-62135596800	0	false	
2858	2	5	4	1	4	3	0	2	2	1	1	2		-62135596800	0	false	
2859	3	5	4	1	4	3	0	2	2	1	1	2		-62135596800	0	false	
2860	0	6	4	1	4	3	0	2	2	1	1	2		-62135596800	0	false	
2861	1	6	4	1	4	3	0	2	2	1	1	2		-62135596800	0	false	
2862	2	6	4	1	4	3	0	2	2	1	1	2		-62135596800	0	false	
2863	3	6	4	1	4	3	0	2	2	1	1	2		-62135596800	0	false	
2864	0	5	4	2	4	3	0	2	2	1	1	2		-62135596800	0	false	
2865	1	5	4	2	4	3	0	2	2	1	1	2		-62135596800	0	false	
2866	2	5	4	2	4	3	0	2	2	1	1	2		-62135596800	0	false	
2867	3	5	4	2	4	3	0	2	2	1	1	2		-62135596800	0	false	
2868	0	6	4	2	4	3	0	2	2	1	1	2		-62135596800	0	false	
2869	1	6	4	2	4	3	0	2	2	1	1	2		-62135596800	0	false	
2870	2	6	4	2	4	3	0	2	2	1	1	2		-62135596800	0	false	
2871	3	6	4	2	4	3	0	2	2	1	1	2		-62135596800	0	false	
2872	0	5	4	3	4	3	0	2	2	1	1	2		-62135596800	0	false	
2873	1	5	4	3	4	3	0	2	2	1	1	2		-62135596800	0	false	
2874	2	5	4	3	4	3	0	2	2	1	1	2		-62135596800	0	false	
2875	3	5	4	3	4	3	0	2	2	1	1	2		-62135596800	0	false	
2876	0	6	4	3	4	3	0	2	2	1	1	2		-62135596800	0	false	
2877	1	6	4	3	4	3	0	2	2	1	1	2		-62135596800	0	false	
2878	2	6	4	3	4	3	0	2	2	1	1	2		-62135596800	0	false	
2879	3	6	4	3	4	3	0	2	2	1	1	2		-62135596800	0	false	
2880	0	5	4	0	3	3	1	2	2	1	1	2		-62135596800	0	false	
2881	1	5	4	0	3	3	1	2	2	1	1	2		-62135596800	0	false	
2882	2	5	4	0	3	3	1	2	2	1	1	2		-62135596800	0	false	
2883	3	5	4	0	3	3	1	2	2	1	1	2		-62135596800	0	false	
2884	0	6	4	0	3	3	1	2	2	1	1	2		-62135596800	0	false	
2885	1	6	4	0	3	3	1	2	2	1	1	2		-62135596800	0	false	
2886	2	6	4	0	3	3	1	2	2	1	1	2		-62135596800	0	false	
2887	3	6	4	0	3	3	1	2	2	1	1	2		-62135596800	0	false	
2888	0	5	4	1	3	3	1	2	2	1	1	2		-62135596800	0	false	
2889	1	5	4	1	3	3	1	2	2	1	1	2		-62135596800	0	false	
2890	2	5	4	1	3	3	1	2	2	1	1	2		-62135596800	0	false	
2891	3	5	4	1	3	3	1	2	2	1	1	2		-62135596800	0	false	
2892	0	6	4	1	3	3	1	2	2	1	1	2		-62135596800	0	false	
2893	1	6	4	1	3	3	1	2	2	1	1	2		-62135596800	0	false	
2894	2	6	4	1	3	3	1	2	2	1	1	2		-62135596800	0	false	
2895	3	6	4	1	3	3	1	2	2	1	1	2		-62135596800	0	false	
2896	0	5	4	2	3	3	1	2	2	1	1	2	silver	1658236591	26.891757694	true	
2897	1	5	4	2	3	3	1	2	2	1	1	2	silver	1658236982	26.905697064	true	
2898	2	5	4	2	3	3	1	2	2	1	1	2	silver	1658237373	26.777315813	true	
2899	3	5	4	2	3	3	1	2	2	1	1	2	silver	1658237764	24.421031635	true	
2900	0	6	4	2	3	3	1	2	2	1	1	2		-62135596800	0	false	
2901	1	6	4	2	3	3	1	2	2	1	1	2		-62135596800	0	false	
2902	2	6	4	2	3	3	1	2	2	1	1	2		-62135596800	0	false	
2903	3	6	4	2	3	3	1	2	2	1	1	2		-62135596800	0	false	
2904	0	5	4	3	3	3	1	2	2	1	1	2		-62135596800	0	false	
2905	1	5	4	3	3	3	1	2	2	1	1	2		-62135596800	0	false	
2906	2	5	4	3	3	3	1	2	2	1	1	2		-62135596800	0	false	
2907	3	5	4	3	3	3	1	2	2	1	1	2		-62135596800	0	false	
2908	0	6	4	3	3	3	1	2	2	1	1	2		-62135596800	0	false	
2909	1	6	4	3	3	3	1	2	2	1	1	2		-62135596800	0	false	
2910	2	6	4	3	3	3	1	2	2	1	1	2		-62135596800	0	false	
2911	3	6	4	3	3	3	1	2	2	1	1	2		-62135596800	0	false	
2912	0	5	4	0	4	3	1	2	2	1	1	2		-62135596800	0	false	
2913	1	5	4	0	4	3	1	2	2	1	1	2		-62135596800	0	false	
2914	2	5	4	0	4	3	1	2	2	1	1	2		-62135596800	0	false	
2915	3	5	4	0	4	3	1	2	2	1	1	2		-62135596800	0	false	
2916	0	6	4	0	4	3	1	2	2	1	1	2		-62135596800	0	false	
2917	1	6	4	0	4	3	1	2	2	1	1	2		-62135596800	0	false	
2918	2	6	4	0	4	3	1	2	2	1	1	2		-62135596800	0	false	
2919	3	6	4	0	4	3	1	2	2	1	1	2		-62135596800	0	false	
2920	0	5	4	1	4	3	1	2	2	1	1	2		-62135596800	0	false	
2921	1	5	4	1	4	3	1	2	2	1	1	2		-62135596800	0	false	
2922	2	5	4	1	4	3	1	2	2	1	1	2		-62135596800	0	false	
2923	3	5	4	1	4	3	1	2	2	1	1	2		-62135596800	0	false	
2924	0	6	4	1	4	3	1	2	2	1	1	2		-62135596800	0	false	
2925	1	6	4	1	4	3	1	2	2	1	1	2		-62135596800	0	false	
2926	2	6	4	1	4	3	1	2	2	1	1	2		-62135596800	0	false	
2927	3	6	4	1	4	3	1	2	2	1	1	2		-62135596800	0	false	
2928	0	5	4	2	4	3	1	2	2	1	1	2		-62135596800	0	false	
2929	1	5	4	2	4	3	1	2	2	1	1	2		-62135596800	0	false	
2930	2	5	4	2	4	3	1	2	2	1	1	2		-62135596800	0	false	
2931	3	5	4	2	4	3	1	2	2	1	1	2		-62135596800	0	false	
2932	0	6	4	2	4	3	1	2	2	1	1	2		-62135596800	0	false	
2933	1	6	4	2	4	3	1	2	2	1	1	2		-62135596800	0	false	
2934	2	6	4	2	4	3	1	2	2	1	1	2		-62135596800	0	false	
2935	3	6	4	2	4	3	1	2	2	1	1	2		-62135596800	0	false	
2936	0	5	4	3	4	3	1	2	2	1	1	2		-62135596800	0	false	
2937	1	5	4	3	4	3	1	2	2	1	1	2		-62135596800	0	false	
2938	2	5	4	3	4	3	1	2	2	1	1	2		-62135596800	0	false	
2939	3	5	4	3	4	3	1	2	2	1	1	2		-62135596800	0	false	
2940	0	6	4	3	4	3	1	2	2	1	1	2		-62135596800	0	false	
2941	1	6	4	3	4	3	1	2	2	1	1	2		-62135596800	0	false	
2942	2	6	4	3	4	3	1	2	2	1	1	2		-62135596800	0	false	
2943	3	6	4	3	4	3	1	2	2	1	1	2		-62135596800	0	false	
2944	0	5	4	0	3	3	2	2	2	1	1	2		-62135596800	0	false	
2945	1	5	4	0	3	3	2	2	2	1	1	2		-62135596800	0	false	
2946	2	5	4	0	3	3	2	2	2	1	1	2		-62135596800	0	false	
2947	3	5	4	0	3	3	2	2	2	1	1	2		-62135596800	0	false	
2948	0	6	4	0	3	3	2	2	2	1	1	2		-62135596800	0	false	
2949	1	6	4	0	3	3	2	2	2	1	1	2		-62135596800	0	false	
2950	2	6	4	0	3	3	2	2	2	1	1	2		-62135596800	0	false	
2951	3	6	4	0	3	3	2	2	2	1	1	2		-62135596800	0	false	
2952	0	5	4	1	3	3	2	2	2	1	1	2	silver	1658274742	26.666832104	true	
2953	1	5	4	1	3	3	2	2	2	1	1	2	silver	1658275553	26.760461801	true	
2954	2	5	4	1	3	3	2	2	2	1	1	2	silver	1658274348	28.809918106	true	
2955	3	5	4	1	3	3	2	2	2	1	1	2	silver	1658275132	27.528939241	true	
2956	0	6	4	1	3	3	2	2	2	1	1	2		-62135596800	0	false	
2957	1	6	4	1	3	3	2	2	2	1	1	2		-62135596800	0	false	
2958	2	6	4	1	3	3	2	2	2	1	1	2		-62135596800	0	false	
2959	3	6	4	1	3	3	2	2	2	1	1	2		-62135596800	0	false	
2960	0	5	4	2	3	3	2	2	2	1	1	2		-62135596800	0	false	
2961	1	5	4	2	3	3	2	2	2	1	1	2		-62135596800	0	false	
2962	2	5	4	2	3	3	2	2	2	1	1	2		-62135596800	0	false	
2963	3	5	4	2	3	3	2	2	2	1	1	2		-62135596800	0	false	
2964	0	6	4	2	3	3	2	2	2	1	1	2		-62135596800	0	false	
2965	1	6	4	2	3	3	2	2	2	1	1	2		-62135596800	0	false	
2966	2	6	4	2	3	3	2	2	2	1	1	2		-62135596800	0	false	
2967	3	6	4	2	3	3	2	2	2	1	1	2		-62135596800	0	false	
2968	0	5	4	3	3	3	2	2	2	1	1	2		-62135596800	0	false	
2969	1	5	4	3	3	3	2	2	2	1	1	2		-62135596800	0	false	
2970	2	5	4	3	3	3	2	2	2	1	1	2		-62135596800	0	false	
2971	3	5	4	3	3	3	2	2	2	1	1	2		-62135596800	0	false	
2972	0	6	4	3	3	3	2	2	2	1	1	2		-62135596800	0	false	
2973	1	6	4	3	3	3	2	2	2	1	1	2		-62135596800	0	false	
2974	2	6	4	3	3	3	2	2	2	1	1	2		-62135596800	0	false	
2975	3	6	4	3	3	3	2	2	2	1	1	2		-62135596800	0	false	
2976	0	5	4	0	4	3	2	2	2	1	1	2		-62135596800	0	false	
2977	1	5	4	0	4	3	2	2	2	1	1	2		-62135596800	0	false	
2978	2	5	4	0	4	3	2	2	2	1	1	2		-62135596800	0	false	
2979	3	5	4	0	4	3	2	2	2	1	1	2		-62135596800	0	false	
2980	0	6	4	0	4	3	2	2	2	1	1	2		-62135596800	0	false	
2981	1	6	4	0	4	3	2	2	2	1	1	2		-62135596800	0	false	
2982	2	6	4	0	4	3	2	2	2	1	1	2		-62135596800	0	false	
2983	3	6	4	0	4	3	2	2	2	1	1	2		-62135596800	0	false	
2984	0	5	4	1	4	3	2	2	2	1	1	2		-62135596800	0	false	
2985	1	5	4	1	4	3	2	2	2	1	1	2		-62135596800	0	false	
2986	2	5	4	1	4	3	2	2	2	1	1	2		-62135596800	0	false	
2987	3	5	4	1	4	3	2	2	2	1	1	2		-62135596800	0	false	
2988	0	6	4	1	4	3	2	2	2	1	1	2		-62135596800	0	false	
2989	1	6	4	1	4	3	2	2	2	1	1	2		-62135596800	0	false	
2990	2	6	4	1	4	3	2	2	2	1	1	2		-62135596800	0	false	
2991	3	6	4	1	4	3	2	2	2	1	1	2		-62135596800	0	false	
2992	0	5	4	2	4	3	2	2	2	1	1	2		-62135596800	0	false	
2993	1	5	4	2	4	3	2	2	2	1	1	2		-62135596800	0	false	
2994	2	5	4	2	4	3	2	2	2	1	1	2		-62135596800	0	false	
2995	3	5	4	2	4	3	2	2	2	1	1	2		-62135596800	0	false	
2996	0	6	4	2	4	3	2	2	2	1	1	2		-62135596800	0	false	
2997	1	6	4	2	4	3	2	2	2	1	1	2		-62135596800	0	false	
2998	2	6	4	2	4	3	2	2	2	1	1	2		-62135596800	0	false	
2999	3	6	4	2	4	3	2	2	2	1	1	2		-62135596800	0	false	
3000	0	5	4	3	4	3	2	2	2	1	1	2		-62135596800	0	false	
3001	1	5	4	3	4	3	2	2	2	1	1	2		-62135596800	0	false	
3002	2	5	4	3	4	3	2	2	2	1	1	2		-62135596800	0	false	
3003	3	5	4	3	4	3	2	2	2	1	1	2		-62135596800	0	false	
3004	0	6	4	3	4	3	2	2	2	1	1	2		-62135596800	0	false	
3005	1	6	4	3	4	3	2	2	2	1	1	2		-62135596800	0	false	
3006	2	6	4	3	4	3	2	2	2	1	1	2		-62135596800	0	false	
3007	3	6	4	3	4	3	2	2	2	1	1	2		-62135596800	0	false	
3008	0	5	4	0	3	3	3	2	2	1	1	2		-62135596800	0	false	
3009	1	5	4	0	3	3	3	2	2	1	1	2		-62135596800	0	false	
3010	2	5	4	0	3	3	3	2	2	1	1	2		-62135596800	0	false	
3011	3	5	4	0	3	3	3	2	2	1	1	2		-62135596800	0	false	
3012	0	6	4	0	3	3	3	2	2	1	1	2		-62135596800	0	false	
3013	1	6	4	0	3	3	3	2	2	1	1	2		-62135596800	0	false	
3014	2	6	4	0	3	3	3	2	2	1	1	2		-62135596800	0	false	
3015	3	6	4	0	3	3	3	2	2	1	1	2		-62135596800	0	false	
3016	0	5	4	1	3	3	3	2	2	1	1	2		-62135596800	0	false	
3017	1	5	4	1	3	3	3	2	2	1	1	2		-62135596800	0	false	
3018	2	5	4	1	3	3	3	2	2	1	1	2		-62135596800	0	false	
3019	3	5	4	1	3	3	3	2	2	1	1	2		-62135596800	0	false	
3020	0	6	4	1	3	3	3	2	2	1	1	2		-62135596800	0	false	
3021	1	6	4	1	3	3	3	2	2	1	1	2		-62135596800	0	false	
3022	2	6	4	1	3	3	3	2	2	1	1	2		-62135596800	0	false	
3023	3	6	4	1	3	3	3	2	2	1	1	2		-62135596800	0	false	
3024	0	5	4	2	3	3	3	2	2	1	1	2	silver	1658258892	25.565938244	true	
3025	1	5	4	2	3	3	3	2	2	1	1	2	silver	1658259675	26.922687685	true	
3026	2	5	4	2	3	3	3	2	2	1	1	2	silver	1658259285	25.539612891	true	
3027	3	5	4	2	3	3	3	2	2	1	1	2	silver	1658258497	25.419233622	true	
3028	0	6	4	2	3	3	3	2	2	1	1	2		-62135596800	0	false	
3029	1	6	4	2	3	3	3	2	2	1	1	2		-62135596800	0	false	
3030	2	6	4	2	3	3	3	2	2	1	1	2		-62135596800	0	false	
3031	3	6	4	2	3	3	3	2	2	1	1	2		-62135596800	0	false	
3032	0	5	4	3	3	3	3	2	2	1	1	2		-62135596800	0	false	
3033	1	5	4	3	3	3	3	2	2	1	1	2		-62135596800	0	false	
3034	2	5	4	3	3	3	3	2	2	1	1	2		-62135596800	0	false	
3035	3	5	4	3	3	3	3	2	2	1	1	2		-62135596800	0	false	
3036	0	6	4	3	3	3	3	2	2	1	1	2		-62135596800	0	false	
3037	1	6	4	3	3	3	3	2	2	1	1	2		-62135596800	0	false	
3038	2	6	4	3	3	3	3	2	2	1	1	2		-62135596800	0	false	
3039	3	6	4	3	3	3	3	2	2	1	1	2		-62135596800	0	false	
3040	0	5	4	0	4	3	3	2	2	1	1	2		-62135596800	0	false	
3041	1	5	4	0	4	3	3	2	2	1	1	2		-62135596800	0	false	
3042	2	5	4	0	4	3	3	2	2	1	1	2		-62135596800	0	false	
3043	3	5	4	0	4	3	3	2	2	1	1	2		-62135596800	0	false	
3044	0	6	4	0	4	3	3	2	2	1	1	2		-62135596800	0	false	
3045	1	6	4	0	4	3	3	2	2	1	1	2		-62135596800	0	false	
3046	2	6	4	0	4	3	3	2	2	1	1	2		-62135596800	0	false	
3047	3	6	4	0	4	3	3	2	2	1	1	2		-62135596800	0	false	
3048	0	5	4	1	4	3	3	2	2	1	1	2		-62135596800	0	false	
3049	1	5	4	1	4	3	3	2	2	1	1	2		-62135596800	0	false	
3050	2	5	4	1	4	3	3	2	2	1	1	2		-62135596800	0	false	
3051	3	5	4	1	4	3	3	2	2	1	1	2		-62135596800	0	false	
3052	0	6	4	1	4	3	3	2	2	1	1	2		-62135596800	0	false	
3053	1	6	4	1	4	3	3	2	2	1	1	2		-62135596800	0	false	
3054	2	6	4	1	4	3	3	2	2	1	1	2		-62135596800	0	false	
3055	3	6	4	1	4	3	3	2	2	1	1	2		-62135596800	0	false	
3056	0	5	4	2	4	3	3	2	2	1	1	2		-62135596800	0	false	
3057	1	5	4	2	4	3	3	2	2	1	1	2		-62135596800	0	false	
3058	2	5	4	2	4	3	3	2	2	1	1	2		-62135596800	0	false	
3059	3	5	4	2	4	3	3	2	2	1	1	2		-62135596800	0	false	
3060	0	6	4	2	4	3	3	2	2	1	1	2		-62135596800	0	false	
3061	1	6	4	2	4	3	3	2	2	1	1	2		-62135596800	0	false	
3062	2	6	4	2	4	3	3	2	2	1	1	2		-62135596800	0	false	
3063	3	6	4	2	4	3	3	2	2	1	1	2		-62135596800	0	false	
3064	0	5	4	3	4	3	3	2	2	1	1	2		-62135596800	0	false	
3065	1	5	4	3	4	3	3	2	2	1	1	2		-62135596800	0	false	
3066	2	5	4	3	4	3	3	2	2	1	1	2		-62135596800	0	false	
3067	3	5	4	3	4	3	3	2	2	1	1	2		-62135596800	0	false	
3068	0	6	4	3	4	3	3	2	2	1	1	2	silver	1658252702	29.345703862	true	
3069	1	6	4	3	4	3	3	2	2	1	1	2	silver	1658252304	28.863615015	true	
3070	2	6	4	3	4	3	3	2	2	1	1	2	silver	1658253101	27.888221991	true	
3071	3	6	4	3	4	3	3	2	2	1	1	2	silver	1658251903	29.507783056	true	
3072	0	5	4	0	3	3	0	1	2	2	1	2		-62135596800	0	false	
3073	1	5	4	0	3	3	0	1	2	2	1	2		-62135596800	0	false	
3074	2	5	4	0	3	3	0	1	2	2	1	2		-62135596800	0	false	
3075	3	5	4	0	3	3	0	1	2	2	1	2		-62135596800	0	false	
3076	0	6	4	0	3	3	0	1	2	2	1	2		-62135596800	0	false	
3077	1	6	4	0	3	3	0	1	2	2	1	2		-62135596800	0	false	
3078	2	6	4	0	3	3	0	1	2	2	1	2		-62135596800	0	false	
3079	3	6	4	0	3	3	0	1	2	2	1	2		-62135596800	0	false	
3080	0	5	4	1	3	3	0	1	2	2	1	2		-62135596800	0	false	
3081	1	5	4	1	3	3	0	1	2	2	1	2		-62135596800	0	false	
3082	2	5	4	1	3	3	0	1	2	2	1	2		-62135596800	0	false	
3083	3	5	4	1	3	3	0	1	2	2	1	2		-62135596800	0	false	
3084	0	6	4	1	3	3	0	1	2	2	1	2		-62135596800	0	false	
3085	1	6	4	1	3	3	0	1	2	2	1	2		-62135596800	0	false	
3086	2	6	4	1	3	3	0	1	2	2	1	2		-62135596800	0	false	
3087	3	6	4	1	3	3	0	1	2	2	1	2		-62135596800	0	false	
3088	0	5	4	2	3	3	0	1	2	2	1	2		-62135596800	0	false	
3089	1	5	4	2	3	3	0	1	2	2	1	2		-62135596800	0	false	
3090	2	5	4	2	3	3	0	1	2	2	1	2		-62135596800	0	false	
3091	3	5	4	2	3	3	0	1	2	2	1	2		-62135596800	0	false	
3092	0	6	4	2	3	3	0	1	2	2	1	2		-62135596800	0	false	
3093	1	6	4	2	3	3	0	1	2	2	1	2		-62135596800	0	false	
3094	2	6	4	2	3	3	0	1	2	2	1	2		-62135596800	0	false	
3095	3	6	4	2	3	3	0	1	2	2	1	2		-62135596800	0	false	
3096	0	5	4	3	3	3	0	1	2	2	1	2		-62135596800	0	false	
3097	1	5	4	3	3	3	0	1	2	2	1	2		-62135596800	0	false	
3098	2	5	4	3	3	3	0	1	2	2	1	2		-62135596800	0	false	
3099	3	5	4	3	3	3	0	1	2	2	1	2		-62135596800	0	false	
3100	0	6	4	3	3	3	0	1	2	2	1	2		-62135596800	0	false	
3101	1	6	4	3	3	3	0	1	2	2	1	2		-62135596800	0	false	
3102	2	6	4	3	3	3	0	1	2	2	1	2		-62135596800	0	false	
3103	3	6	4	3	3	3	0	1	2	2	1	2		-62135596800	0	false	
3104	0	5	4	0	4	3	0	1	2	2	1	2		-62135596800	0	false	
3105	1	5	4	0	4	3	0	1	2	2	1	2		-62135596800	0	false	
3106	2	5	4	0	4	3	0	1	2	2	1	2		-62135596800	0	false	
3107	3	5	4	0	4	3	0	1	2	2	1	2		-62135596800	0	false	
3108	0	6	4	0	4	3	0	1	2	2	1	2		-62135596800	0	false	
3109	1	6	4	0	4	3	0	1	2	2	1	2		-62135596800	0	false	
3110	2	6	4	0	4	3	0	1	2	2	1	2		-62135596800	0	false	
3111	3	6	4	0	4	3	0	1	2	2	1	2		-62135596800	0	false	
3112	0	5	4	1	4	3	0	1	2	2	1	2		-62135596800	0	false	
3113	1	5	4	1	4	3	0	1	2	2	1	2		-62135596800	0	false	
3114	2	5	4	1	4	3	0	1	2	2	1	2		-62135596800	0	false	
3115	3	5	4	1	4	3	0	1	2	2	1	2		-62135596800	0	false	
3116	0	6	4	1	4	3	0	1	2	2	1	2		-62135596800	0	false	
3117	1	6	4	1	4	3	0	1	2	2	1	2		-62135596800	0	false	
3118	2	6	4	1	4	3	0	1	2	2	1	2		-62135596800	0	false	
3119	3	6	4	1	4	3	0	1	2	2	1	2		-62135596800	0	false	
3120	0	5	4	2	4	3	0	1	2	2	1	2		-62135596800	0	false	
3121	1	5	4	2	4	3	0	1	2	2	1	2		-62135596800	0	false	
3122	2	5	4	2	4	3	0	1	2	2	1	2		-62135596800	0	false	
3123	3	5	4	2	4	3	0	1	2	2	1	2		-62135596800	0	false	
3124	0	6	4	2	4	3	0	1	2	2	1	2		-62135596800	0	false	
3125	1	6	4	2	4	3	0	1	2	2	1	2		-62135596800	0	false	
3126	2	6	4	2	4	3	0	1	2	2	1	2		-62135596800	0	false	
3127	3	6	4	2	4	3	0	1	2	2	1	2		-62135596800	0	false	
3128	0	5	4	3	4	3	0	1	2	2	1	2		-62135596800	0	false	
3129	1	5	4	3	4	3	0	1	2	2	1	2		-62135596800	0	false	
3130	2	5	4	3	4	3	0	1	2	2	1	2		-62135596800	0	false	
3131	3	5	4	3	4	3	0	1	2	2	1	2		-62135596800	0	false	
3132	0	6	4	3	4	3	0	1	2	2	1	2		-62135596800	0	false	
3133	1	6	4	3	4	3	0	1	2	2	1	2		-62135596800	0	false	
3134	2	6	4	3	4	3	0	1	2	2	1	2		-62135596800	0	false	
3135	3	6	4	3	4	3	0	1	2	2	1	2		-62135596800	0	false	
3136	0	5	4	0	3	3	1	1	2	2	1	2		-62135596800	0	false	
3137	1	5	4	0	3	3	1	1	2	2	1	2		-62135596800	0	false	
3138	2	5	4	0	3	3	1	1	2	2	1	2		-62135596800	0	false	
3139	3	5	4	0	3	3	1	1	2	2	1	2		-62135596800	0	false	
3140	0	6	4	0	3	3	1	1	2	2	1	2		-62135596800	0	false	
3141	1	6	4	0	3	3	1	1	2	2	1	2		-62135596800	0	false	
3142	2	6	4	0	3	3	1	1	2	2	1	2		-62135596800	0	false	
3143	3	6	4	0	3	3	1	1	2	2	1	2		-62135596800	0	false	
3144	0	5	4	1	3	3	1	1	2	2	1	2		-62135596800	0	false	
3145	1	5	4	1	3	3	1	1	2	2	1	2		-62135596800	0	false	
3146	2	5	4	1	3	3	1	1	2	2	1	2		-62135596800	0	false	
3147	3	5	4	1	3	3	1	1	2	2	1	2		-62135596800	0	false	
3148	0	6	4	1	3	3	1	1	2	2	1	2		-62135596800	0	false	
3149	1	6	4	1	3	3	1	1	2	2	1	2		-62135596800	0	false	
3150	2	6	4	1	3	3	1	1	2	2	1	2		-62135596800	0	false	
3151	3	6	4	1	3	3	1	1	2	2	1	2		-62135596800	0	false	
3152	0	5	4	2	3	3	1	1	2	2	1	2		-62135596800	0	false	
3153	1	5	4	2	3	3	1	1	2	2	1	2		-62135596800	0	false	
3154	2	5	4	2	3	3	1	1	2	2	1	2		-62135596800	0	false	
3155	3	5	4	2	3	3	1	1	2	2	1	2		-62135596800	0	false	
3156	0	6	4	2	3	3	1	1	2	2	1	2		-62135596800	0	false	
3157	1	6	4	2	3	3	1	1	2	2	1	2		-62135596800	0	false	
3158	2	6	4	2	3	3	1	1	2	2	1	2		-62135596800	0	false	
3159	3	6	4	2	3	3	1	1	2	2	1	2		-62135596800	0	false	
3160	0	5	4	3	3	3	1	1	2	2	1	2		-62135596800	0	false	
3161	1	5	4	3	3	3	1	1	2	2	1	2		-62135596800	0	false	
3162	2	5	4	3	3	3	1	1	2	2	1	2		-62135596800	0	false	
3163	3	5	4	3	3	3	1	1	2	2	1	2		-62135596800	0	false	
3164	0	6	4	3	3	3	1	1	2	2	1	2		-62135596800	0	false	
3165	1	6	4	3	3	3	1	1	2	2	1	2		-62135596800	0	false	
3166	2	6	4	3	3	3	1	1	2	2	1	2		-62135596800	0	false	
3167	3	6	4	3	3	3	1	1	2	2	1	2		-62135596800	0	false	
3168	0	5	4	0	4	3	1	1	2	2	1	2		-62135596800	0	false	
3169	1	5	4	0	4	3	1	1	2	2	1	2		-62135596800	0	false	
3170	2	5	4	0	4	3	1	1	2	2	1	2		-62135596800	0	false	
3171	3	5	4	0	4	3	1	1	2	2	1	2		-62135596800	0	false	
3172	0	6	4	0	4	3	1	1	2	2	1	2		-62135596800	0	false	
3173	1	6	4	0	4	3	1	1	2	2	1	2		-62135596800	0	false	
3174	2	6	4	0	4	3	1	1	2	2	1	2		-62135596800	0	false	
3175	3	6	4	0	4	3	1	1	2	2	1	2		-62135596800	0	false	
3176	0	5	4	1	4	3	1	1	2	2	1	2		-62135596800	0	false	
3177	1	5	4	1	4	3	1	1	2	2	1	2		-62135596800	0	false	
3178	2	5	4	1	4	3	1	1	2	2	1	2		-62135596800	0	false	
3179	3	5	4	1	4	3	1	1	2	2	1	2		-62135596800	0	false	
3180	0	6	4	1	4	3	1	1	2	2	1	2		-62135596800	0	false	
3181	1	6	4	1	4	3	1	1	2	2	1	2		-62135596800	0	false	
3182	2	6	4	1	4	3	1	1	2	2	1	2		-62135596800	0	false	
3183	3	6	4	1	4	3	1	1	2	2	1	2		-62135596800	0	false	
3184	0	5	4	2	4	3	1	1	2	2	1	2		-62135596800	0	false	
3185	1	5	4	2	4	3	1	1	2	2	1	2		-62135596800	0	false	
3186	2	5	4	2	4	3	1	1	2	2	1	2		-62135596800	0	false	
3187	3	5	4	2	4	3	1	1	2	2	1	2		-62135596800	0	false	
3188	0	6	4	2	4	3	1	1	2	2	1	2		-62135596800	0	false	
3189	1	6	4	2	4	3	1	1	2	2	1	2		-62135596800	0	false	
3190	2	6	4	2	4	3	1	1	2	2	1	2		-62135596800	0	false	
3191	3	6	4	2	4	3	1	1	2	2	1	2		-62135596800	0	false	
3192	0	5	4	3	4	3	1	1	2	2	1	2		-62135596800	0	false	
3193	1	5	4	3	4	3	1	1	2	2	1	2		-62135596800	0	false	
3194	2	5	4	3	4	3	1	1	2	2	1	2		-62135596800	0	false	
3195	3	5	4	3	4	3	1	1	2	2	1	2		-62135596800	0	false	
3196	0	6	4	3	4	3	1	1	2	2	1	2		-62135596800	0	false	
3197	1	6	4	3	4	3	1	1	2	2	1	2		-62135596800	0	false	
3198	2	6	4	3	4	3	1	1	2	2	1	2		-62135596800	0	false	
3199	3	6	4	3	4	3	1	1	2	2	1	2		-62135596800	0	false	
3200	0	5	4	0	3	3	2	1	2	2	1	2		-62135596800	0	false	
3201	1	5	4	0	3	3	2	1	2	2	1	2		-62135596800	0	false	
3202	2	5	4	0	3	3	2	1	2	2	1	2		-62135596800	0	false	
3203	3	5	4	0	3	3	2	1	2	2	1	2		-62135596800	0	false	
3204	0	6	4	0	3	3	2	1	2	2	1	2		-62135596800	0	false	
3205	1	6	4	0	3	3	2	1	2	2	1	2		-62135596800	0	false	
3206	2	6	4	0	3	3	2	1	2	2	1	2		-62135596800	0	false	
3207	3	6	4	0	3	3	2	1	2	2	1	2		-62135596800	0	false	
3208	0	5	4	1	3	3	2	1	2	2	1	2		-62135596800	0	false	
3209	1	5	4	1	3	3	2	1	2	2	1	2		-62135596800	0	false	
3210	2	5	4	1	3	3	2	1	2	2	1	2		-62135596800	0	false	
3211	3	5	4	1	3	3	2	1	2	2	1	2		-62135596800	0	false	
3212	0	6	4	1	3	3	2	1	2	2	1	2		-62135596800	0	false	
3213	1	6	4	1	3	3	2	1	2	2	1	2		-62135596800	0	false	
3214	2	6	4	1	3	3	2	1	2	2	1	2		-62135596800	0	false	
3215	3	6	4	1	3	3	2	1	2	2	1	2		-62135596800	0	false	
3216	0	5	4	2	3	3	2	1	2	2	1	2		-62135596800	0	false	
3217	1	5	4	2	3	3	2	1	2	2	1	2		-62135596800	0	false	
3218	2	5	4	2	3	3	2	1	2	2	1	2		-62135596800	0	false	
3219	3	5	4	2	3	3	2	1	2	2	1	2		-62135596800	0	false	
3220	0	6	4	2	3	3	2	1	2	2	1	2		-62135596800	0	false	
3221	1	6	4	2	3	3	2	1	2	2	1	2		-62135596800	0	false	
3222	2	6	4	2	3	3	2	1	2	2	1	2		-62135596800	0	false	
3223	3	6	4	2	3	3	2	1	2	2	1	2		-62135596800	0	false	
3224	0	5	4	3	3	3	2	1	2	2	1	2		-62135596800	0	false	
3225	1	5	4	3	3	3	2	1	2	2	1	2		-62135596800	0	false	
3226	2	5	4	3	3	3	2	1	2	2	1	2		-62135596800	0	false	
3227	3	5	4	3	3	3	2	1	2	2	1	2		-62135596800	0	false	
3228	0	6	4	3	3	3	2	1	2	2	1	2		-62135596800	0	false	
3229	1	6	4	3	3	3	2	1	2	2	1	2		-62135596800	0	false	
3230	2	6	4	3	3	3	2	1	2	2	1	2		-62135596800	0	false	
3231	3	6	4	3	3	3	2	1	2	2	1	2		-62135596800	0	false	
3232	0	5	4	0	4	3	2	1	2	2	1	2		-62135596800	0	false	
3233	1	5	4	0	4	3	2	1	2	2	1	2		-62135596800	0	false	
3234	2	5	4	0	4	3	2	1	2	2	1	2		-62135596800	0	false	
3235	3	5	4	0	4	3	2	1	2	2	1	2		-62135596800	0	false	
3236	0	6	4	0	4	3	2	1	2	2	1	2		-62135596800	0	false	
3237	1	6	4	0	4	3	2	1	2	2	1	2		-62135596800	0	false	
3238	2	6	4	0	4	3	2	1	2	2	1	2		-62135596800	0	false	
3239	3	6	4	0	4	3	2	1	2	2	1	2		-62135596800	0	false	
3240	0	5	4	1	4	3	2	1	2	2	1	2		-62135596800	0	false	
3241	1	5	4	1	4	3	2	1	2	2	1	2		-62135596800	0	false	
3242	2	5	4	1	4	3	2	1	2	2	1	2		-62135596800	0	false	
3243	3	5	4	1	4	3	2	1	2	2	1	2		-62135596800	0	false	
3244	0	6	4	1	4	3	2	1	2	2	1	2		-62135596800	0	false	
3245	1	6	4	1	4	3	2	1	2	2	1	2		-62135596800	0	false	
3246	2	6	4	1	4	3	2	1	2	2	1	2		-62135596800	0	false	
3247	3	6	4	1	4	3	2	1	2	2	1	2		-62135596800	0	false	
3248	0	5	4	2	4	3	2	1	2	2	1	2		-62135596800	0	false	
3249	1	5	4	2	4	3	2	1	2	2	1	2		-62135596800	0	false	
3250	2	5	4	2	4	3	2	1	2	2	1	2		-62135596800	0	false	
3251	3	5	4	2	4	3	2	1	2	2	1	2		-62135596800	0	false	
3252	0	6	4	2	4	3	2	1	2	2	1	2		-62135596800	0	false	
3253	1	6	4	2	4	3	2	1	2	2	1	2		-62135596800	0	false	
3254	2	6	4	2	4	3	2	1	2	2	1	2		-62135596800	0	false	
3255	3	6	4	2	4	3	2	1	2	2	1	2		-62135596800	0	false	
3256	0	5	4	3	4	3	2	1	2	2	1	2		-62135596800	0	false	
3257	1	5	4	3	4	3	2	1	2	2	1	2		-62135596800	0	false	
3258	2	5	4	3	4	3	2	1	2	2	1	2		-62135596800	0	false	
3259	3	5	4	3	4	3	2	1	2	2	1	2		-62135596800	0	false	
3260	0	6	4	3	4	3	2	1	2	2	1	2		-62135596800	0	false	
3261	1	6	4	3	4	3	2	1	2	2	1	2		-62135596800	0	false	
3262	2	6	4	3	4	3	2	1	2	2	1	2		-62135596800	0	false	
3263	3	6	4	3	4	3	2	1	2	2	1	2		-62135596800	0	false	
3264	0	5	4	0	3	3	3	1	2	2	1	2		-62135596800	0	false	
3265	1	5	4	0	3	3	3	1	2	2	1	2		-62135596800	0	false	
3266	2	5	4	0	3	3	3	1	2	2	1	2		-62135596800	0	false	
3267	3	5	4	0	3	3	3	1	2	2	1	2		-62135596800	0	false	
3268	0	6	4	0	3	3	3	1	2	2	1	2		-62135596800	0	false	
3269	1	6	4	0	3	3	3	1	2	2	1	2		-62135596800	0	false	
3270	2	6	4	0	3	3	3	1	2	2	1	2		-62135596800	0	false	
3271	3	6	4	0	3	3	3	1	2	2	1	2		-62135596800	0	false	
3272	0	5	4	1	3	3	3	1	2	2	1	2		-62135596800	0	false	
3273	1	5	4	1	3	3	3	1	2	2	1	2		-62135596800	0	false	
3274	2	5	4	1	3	3	3	1	2	2	1	2		-62135596800	0	false	
3275	3	5	4	1	3	3	3	1	2	2	1	2		-62135596800	0	false	
3276	0	6	4	1	3	3	3	1	2	2	1	2		-62135596800	0	false	
3277	1	6	4	1	3	3	3	1	2	2	1	2		-62135596800	0	false	
3278	2	6	4	1	3	3	3	1	2	2	1	2		-62135596800	0	false	
3279	3	6	4	1	3	3	3	1	2	2	1	2		-62135596800	0	false	
3280	0	5	4	2	3	3	3	1	2	2	1	2		-62135596800	0	false	
3281	1	5	4	2	3	3	3	1	2	2	1	2		-62135596800	0	false	
3282	2	5	4	2	3	3	3	1	2	2	1	2		-62135596800	0	false	
3283	3	5	4	2	3	3	3	1	2	2	1	2		-62135596800	0	false	
3284	0	6	4	2	3	3	3	1	2	2	1	2		-62135596800	0	false	
3285	1	6	4	2	3	3	3	1	2	2	1	2		-62135596800	0	false	
3286	2	6	4	2	3	3	3	1	2	2	1	2		-62135596800	0	false	
3287	3	6	4	2	3	3	3	1	2	2	1	2		-62135596800	0	false	
3288	0	5	4	3	3	3	3	1	2	2	1	2		-62135596800	0	false	
3289	1	5	4	3	3	3	3	1	2	2	1	2		-62135596800	0	false	
3290	2	5	4	3	3	3	3	1	2	2	1	2		-62135596800	0	false	
3291	3	5	4	3	3	3	3	1	2	2	1	2		-62135596800	0	false	
3292	0	6	4	3	3	3	3	1	2	2	1	2		-62135596800	0	false	
3293	1	6	4	3	3	3	3	1	2	2	1	2		-62135596800	0	false	
3294	2	6	4	3	3	3	3	1	2	2	1	2		-62135596800	0	false	
3295	3	6	4	3	3	3	3	1	2	2	1	2		-62135596800	0	false	
3296	0	5	4	0	4	3	3	1	2	2	1	2		-62135596800	0	false	
3297	1	5	4	0	4	3	3	1	2	2	1	2		-62135596800	0	false	
3298	2	5	4	0	4	3	3	1	2	2	1	2		-62135596800	0	false	
3299	3	5	4	0	4	3	3	1	2	2	1	2		-62135596800	0	false	
3300	0	6	4	0	4	3	3	1	2	2	1	2	silver	1658267204	34.535877058	true	
3301	1	6	4	0	4	3	3	1	2	2	1	2	silver	1658267993	26.786315617	true	
3302	2	6	4	0	4	3	3	1	2	2	1	2	silver	1658267600	27.742241923	true	
3303	3	6	4	0	4	3	3	1	2	2	1	2	silver	1658268384	28.445881038	true	
3304	0	5	4	1	4	3	3	1	2	2	1	2		-62135596800	0	false	
3305	1	5	4	1	4	3	3	1	2	2	1	2		-62135596800	0	false	
3306	2	5	4	1	4	3	3	1	2	2	1	2		-62135596800	0	false	
3307	3	5	4	1	4	3	3	1	2	2	1	2		-62135596800	0	false	
3308	0	6	4	1	4	3	3	1	2	2	1	2		-62135596800	0	false	
3309	1	6	4	1	4	3	3	1	2	2	1	2		-62135596800	0	false	
3310	2	6	4	1	4	3	3	1	2	2	1	2		-62135596800	0	false	
3311	3	6	4	1	4	3	3	1	2	2	1	2		-62135596800	0	false	
3312	0	5	4	2	4	3	3	1	2	2	1	2		-62135596800	0	false	
3313	1	5	4	2	4	3	3	1	2	2	1	2		-62135596800	0	false	
3314	2	5	4	2	4	3	3	1	2	2	1	2		-62135596800	0	false	
3315	3	5	4	2	4	3	3	1	2	2	1	2		-62135596800	0	false	
3316	0	6	4	2	4	3	3	1	2	2	1	2		-62135596800	0	false	
3317	1	6	4	2	4	3	3	1	2	2	1	2		-62135596800	0	false	
3318	2	6	4	2	4	3	3	1	2	2	1	2		-62135596800	0	false	
3319	3	6	4	2	4	3	3	1	2	2	1	2		-62135596800	0	false	
3320	0	5	4	3	4	3	3	1	2	2	1	2		-62135596800	0	false	
3321	1	5	4	3	4	3	3	1	2	2	1	2		-62135596800	0	false	
3322	2	5	4	3	4	3	3	1	2	2	1	2		-62135596800	0	false	
3323	3	5	4	3	4	3	3	1	2	2	1	2		-62135596800	0	false	
3324	0	6	4	3	4	3	3	1	2	2	1	2		-62135596800	0	false	
3325	1	6	4	3	4	3	3	1	2	2	1	2		-62135596800	0	false	
3326	2	6	4	3	4	3	3	1	2	2	1	2		-62135596800	0	false	
3327	3	6	4	3	4	3	3	1	2	2	1	2		-62135596800	0	false	
3328	0	5	4	0	3	3	0	2	2	2	1	2		-62135596800	0	false	
3329	1	5	4	0	3	3	0	2	2	2	1	2		-62135596800	0	false	
3330	2	5	4	0	3	3	0	2	2	2	1	2		-62135596800	0	false	
3331	3	5	4	0	3	3	0	2	2	2	1	2		-62135596800	0	false	
3332	0	6	4	0	3	3	0	2	2	2	1	2		-62135596800	0	false	
3333	1	6	4	0	3	3	0	2	2	2	1	2		-62135596800	0	false	
3334	2	6	4	0	3	3	0	2	2	2	1	2		-62135596800	0	false	
3335	3	6	4	0	3	3	0	2	2	2	1	2		-62135596800	0	false	
3336	0	5	4	1	3	3	0	2	2	2	1	2		-62135596800	0	false	
3337	1	5	4	1	3	3	0	2	2	2	1	2		-62135596800	0	false	
3338	2	5	4	1	3	3	0	2	2	2	1	2		-62135596800	0	false	
3339	3	5	4	1	3	3	0	2	2	2	1	2		-62135596800	0	false	
3340	0	6	4	1	3	3	0	2	2	2	1	2		-62135596800	0	false	
3341	1	6	4	1	3	3	0	2	2	2	1	2		-62135596800	0	false	
3342	2	6	4	1	3	3	0	2	2	2	1	2		-62135596800	0	false	
3343	3	6	4	1	3	3	0	2	2	2	1	2		-62135596800	0	false	
3344	0	5	4	2	3	3	0	2	2	2	1	2	silver	1658249971	27.383804711	true	
3345	1	5	4	2	3	3	0	2	2	2	1	2	silver	1658251151	27.077960629	true	
3346	2	5	4	2	3	3	0	2	2	2	1	2	silver	1658250360	25.806993292	true	
3347	3	5	4	2	3	3	0	2	2	2	1	2	silver	1658250759	26.375287364	true	
3348	0	6	4	2	3	3	0	2	2	2	1	2		-62135596800	0	false	
3349	1	6	4	2	3	3	0	2	2	2	1	2		-62135596800	0	false	
3350	2	6	4	2	3	3	0	2	2	2	1	2		-62135596800	0	false	
3351	3	6	4	2	3	3	0	2	2	2	1	2		-62135596800	0	false	
3352	0	5	4	3	3	3	0	2	2	2	1	2		-62135596800	0	false	
3353	1	5	4	3	3	3	0	2	2	2	1	2		-62135596800	0	false	
3354	2	5	4	3	3	3	0	2	2	2	1	2		-62135596800	0	false	
3355	3	5	4	3	3	3	0	2	2	2	1	2		-62135596800	0	false	
3356	0	6	4	3	3	3	0	2	2	2	1	2		-62135596800	0	false	
3357	1	6	4	3	3	3	0	2	2	2	1	2		-62135596800	0	false	
3358	2	6	4	3	3	3	0	2	2	2	1	2		-62135596800	0	false	
3359	3	6	4	3	3	3	0	2	2	2	1	2		-62135596800	0	false	
3360	0	5	4	0	4	3	0	2	2	2	1	2		-62135596800	0	false	
3361	1	5	4	0	4	3	0	2	2	2	1	2		-62135596800	0	false	
3362	2	5	4	0	4	3	0	2	2	2	1	2		-62135596800	0	false	
3363	3	5	4	0	4	3	0	2	2	2	1	2		-62135596800	0	false	
3364	0	6	4	0	4	3	0	2	2	2	1	2		-62135596800	0	false	
3365	1	6	4	0	4	3	0	2	2	2	1	2		-62135596800	0	false	
3366	2	6	4	0	4	3	0	2	2	2	1	2		-62135596800	0	false	
3367	3	6	4	0	4	3	0	2	2	2	1	2		-62135596800	0	false	
3368	0	5	4	1	4	3	0	2	2	2	1	2		-62135596800	0	false	
3369	1	5	4	1	4	3	0	2	2	2	1	2		-62135596800	0	false	
3370	2	5	4	1	4	3	0	2	2	2	1	2		-62135596800	0	false	
3371	3	5	4	1	4	3	0	2	2	2	1	2		-62135596800	0	false	
3372	0	6	4	1	4	3	0	2	2	2	1	2		-62135596800	0	false	
3373	1	6	4	1	4	3	0	2	2	2	1	2		-62135596800	0	false	
3374	2	6	4	1	4	3	0	2	2	2	1	2		-62135596800	0	false	
3375	3	6	4	1	4	3	0	2	2	2	1	2		-62135596800	0	false	
3376	0	5	4	2	4	3	0	2	2	2	1	2		-62135596800	0	false	
3377	1	5	4	2	4	3	0	2	2	2	1	2		-62135596800	0	false	
3378	2	5	4	2	4	3	0	2	2	2	1	2		-62135596800	0	false	
3379	3	5	4	2	4	3	0	2	2	2	1	2		-62135596800	0	false	
3380	0	6	4	2	4	3	0	2	2	2	1	2		-62135596800	0	false	
3381	1	6	4	2	4	3	0	2	2	2	1	2		-62135596800	0	false	
3382	2	6	4	2	4	3	0	2	2	2	1	2		-62135596800	0	false	
3383	3	6	4	2	4	3	0	2	2	2	1	2		-62135596800	0	false	
3384	0	5	4	3	4	3	0	2	2	2	1	2		-62135596800	0	false	
3385	1	5	4	3	4	3	0	2	2	2	1	2		-62135596800	0	false	
3386	2	5	4	3	4	3	0	2	2	2	1	2		-62135596800	0	false	
3387	3	5	4	3	4	3	0	2	2	2	1	2		-62135596800	0	false	
3388	0	6	4	3	4	3	0	2	2	2	1	2		-62135596800	0	false	
3389	1	6	4	3	4	3	0	2	2	2	1	2		-62135596800	0	false	
3390	2	6	4	3	4	3	0	2	2	2	1	2		-62135596800	0	false	
3391	3	6	4	3	4	3	0	2	2	2	1	2		-62135596800	0	false	
3392	0	5	4	0	3	3	1	2	2	2	1	2		-62135596800	0	false	
3393	1	5	4	0	3	3	1	2	2	2	1	2		-62135596800	0	false	
3394	2	5	4	0	3	3	1	2	2	2	1	2		-62135596800	0	false	
3395	3	5	4	0	3	3	1	2	2	2	1	2		-62135596800	0	false	
3396	0	6	4	0	3	3	1	2	2	2	1	2		-62135596800	0	false	
3397	1	6	4	0	3	3	1	2	2	2	1	2		-62135596800	0	false	
3398	2	6	4	0	3	3	1	2	2	2	1	2		-62135596800	0	false	
3399	3	6	4	0	3	3	1	2	2	2	1	2		-62135596800	0	false	
3400	0	5	4	1	3	3	1	2	2	2	1	2		-62135596800	0	false	
3401	1	5	4	1	3	3	1	2	2	2	1	2		-62135596800	0	false	
3402	2	5	4	1	3	3	1	2	2	2	1	2		-62135596800	0	false	
3403	3	5	4	1	3	3	1	2	2	2	1	2		-62135596800	0	false	
3404	0	6	4	1	3	3	1	2	2	2	1	2		-62135596800	0	false	
3405	1	6	4	1	3	3	1	2	2	2	1	2		-62135596800	0	false	
3406	2	6	4	1	3	3	1	2	2	2	1	2		-62135596800	0	false	
3407	3	6	4	1	3	3	1	2	2	2	1	2		-62135596800	0	false	
3408	0	5	4	2	3	3	1	2	2	2	1	2		-62135596800	0	false	
3409	1	5	4	2	3	3	1	2	2	2	1	2		-62135596800	0	false	
3410	2	5	4	2	3	3	1	2	2	2	1	2		-62135596800	0	false	
3411	3	5	4	2	3	3	1	2	2	2	1	2		-62135596800	0	false	
3412	0	6	4	2	3	3	1	2	2	2	1	2		-62135596800	0	false	
3413	1	6	4	2	3	3	1	2	2	2	1	2		-62135596800	0	false	
3414	2	6	4	2	3	3	1	2	2	2	1	2		-62135596800	0	false	
3415	3	6	4	2	3	3	1	2	2	2	1	2		-62135596800	0	false	
3416	0	5	4	3	3	3	1	2	2	2	1	2		-62135596800	0	false	
3417	1	5	4	3	3	3	1	2	2	2	1	2		-62135596800	0	false	
3418	2	5	4	3	3	3	1	2	2	2	1	2		-62135596800	0	false	
3419	3	5	4	3	3	3	1	2	2	2	1	2		-62135596800	0	false	
3420	0	6	4	3	3	3	1	2	2	2	1	2		-62135596800	0	false	
3421	1	6	4	3	3	3	1	2	2	2	1	2		-62135596800	0	false	
3422	2	6	4	3	3	3	1	2	2	2	1	2		-62135596800	0	false	
3423	3	6	4	3	3	3	1	2	2	2	1	2		-62135596800	0	false	
3424	0	5	4	0	4	3	1	2	2	2	1	2		-62135596800	0	false	
3425	1	5	4	0	4	3	1	2	2	2	1	2		-62135596800	0	false	
3426	2	5	4	0	4	3	1	2	2	2	1	2		-62135596800	0	false	
3427	3	5	4	0	4	3	1	2	2	2	1	2		-62135596800	0	false	
3428	0	6	4	0	4	3	1	2	2	2	1	2	silver	1658248785	34.385183679	true	
3429	1	6	4	0	4	3	1	2	2	2	1	2	silver	1658249183	26.417523398	true	
3430	2	6	4	0	4	3	1	2	2	2	1	2	silver	1658248397	27.248671089	true	
3431	3	6	4	0	4	3	1	2	2	2	1	2	silver	1658249573	27.910804091	true	
3432	0	5	4	1	4	3	1	2	2	2	1	2		-62135596800	0	false	
3433	1	5	4	1	4	3	1	2	2	2	1	2		-62135596800	0	false	
3434	2	5	4	1	4	3	1	2	2	2	1	2		-62135596800	0	false	
3435	3	5	4	1	4	3	1	2	2	2	1	2		-62135596800	0	false	
3436	0	6	4	1	4	3	1	2	2	2	1	2		-62135596800	0	false	
3437	1	6	4	1	4	3	1	2	2	2	1	2		-62135596800	0	false	
3438	2	6	4	1	4	3	1	2	2	2	1	2		-62135596800	0	false	
3439	3	6	4	1	4	3	1	2	2	2	1	2		-62135596800	0	false	
3440	0	5	4	2	4	3	1	2	2	2	1	2		-62135596800	0	false	
3441	1	5	4	2	4	3	1	2	2	2	1	2		-62135596800	0	false	
3442	2	5	4	2	4	3	1	2	2	2	1	2		-62135596800	0	false	
3443	3	5	4	2	4	3	1	2	2	2	1	2		-62135596800	0	false	
3444	0	6	4	2	4	3	1	2	2	2	1	2		-62135596800	0	false	
3445	1	6	4	2	4	3	1	2	2	2	1	2		-62135596800	0	false	
3446	2	6	4	2	4	3	1	2	2	2	1	2		-62135596800	0	false	
3447	3	6	4	2	4	3	1	2	2	2	1	2		-62135596800	0	false	
3448	0	5	4	3	4	3	1	2	2	2	1	2		-62135596800	0	false	
3449	1	5	4	3	4	3	1	2	2	2	1	2		-62135596800	0	false	
3450	2	5	4	3	4	3	1	2	2	2	1	2		-62135596800	0	false	
3451	3	5	4	3	4	3	1	2	2	2	1	2		-62135596800	0	false	
3452	0	6	4	3	4	3	1	2	2	2	1	2		-62135596800	0	false	
3453	1	6	4	3	4	3	1	2	2	2	1	2		-62135596800	0	false	
3454	2	6	4	3	4	3	1	2	2	2	1	2		-62135596800	0	false	
3455	3	6	4	3	4	3	1	2	2	2	1	2		-62135596800	0	false	
3456	0	5	4	0	3	3	2	2	2	2	1	2	silver	1658258105	28.675757949	true	
3457	1	5	4	0	3	3	2	2	2	2	1	2	silver	1658256932	26.782712912	true	
3458	2	5	4	0	3	3	2	2	2	2	1	2	silver	1658257711	27.794124883	true	
3459	3	5	4	0	3	3	2	2	2	2	1	2	silver	1658257320	27.58471488	true	
3460	0	6	4	0	3	3	2	2	2	2	1	2		-62135596800	0	false	
3461	1	6	4	0	3	3	2	2	2	2	1	2		-62135596800	0	false	
3462	2	6	4	0	3	3	2	2	2	2	1	2		-62135596800	0	false	
3463	3	6	4	0	3	3	2	2	2	2	1	2		-62135596800	0	false	
3464	0	5	4	1	3	3	2	2	2	2	1	2		-62135596800	0	false	
3465	1	5	4	1	3	3	2	2	2	2	1	2		-62135596800	0	false	
3466	2	5	4	1	3	3	2	2	2	2	1	2		-62135596800	0	false	
3467	3	5	4	1	3	3	2	2	2	2	1	2		-62135596800	0	false	
3468	0	6	4	1	3	3	2	2	2	2	1	2		-62135596800	0	false	
3469	1	6	4	1	3	3	2	2	2	2	1	2		-62135596800	0	false	
3470	2	6	4	1	3	3	2	2	2	2	1	2		-62135596800	0	false	
3471	3	6	4	1	3	3	2	2	2	2	1	2		-62135596800	0	false	
3472	0	5	4	2	3	3	2	2	2	2	1	2		-62135596800	0	false	
3473	1	5	4	2	3	3	2	2	2	2	1	2		-62135596800	0	false	
3474	2	5	4	2	3	3	2	2	2	2	1	2		-62135596800	0	false	
3475	3	5	4	2	3	3	2	2	2	2	1	2		-62135596800	0	false	
3476	0	6	4	2	3	3	2	2	2	2	1	2		-62135596800	0	false	
3477	1	6	4	2	3	3	2	2	2	2	1	2		-62135596800	0	false	
3478	2	6	4	2	3	3	2	2	2	2	1	2		-62135596800	0	false	
3479	3	6	4	2	3	3	2	2	2	2	1	2		-62135596800	0	false	
3480	0	5	4	3	3	3	2	2	2	2	1	2		-62135596800	0	false	
3481	1	5	4	3	3	3	2	2	2	2	1	2		-62135596800	0	false	
3482	2	5	4	3	3	3	2	2	2	2	1	2		-62135596800	0	false	
3483	3	5	4	3	3	3	2	2	2	2	1	2		-62135596800	0	false	
3484	0	6	4	3	3	3	2	2	2	2	1	2		-62135596800	0	false	
3485	1	6	4	3	3	3	2	2	2	2	1	2		-62135596800	0	false	
3486	2	6	4	3	3	3	2	2	2	2	1	2		-62135596800	0	false	
3487	3	6	4	3	3	3	2	2	2	2	1	2		-62135596800	0	false	
3488	0	5	4	0	4	3	2	2	2	2	1	2		-62135596800	0	false	
3489	1	5	4	0	4	3	2	2	2	2	1	2		-62135596800	0	false	
3490	2	5	4	0	4	3	2	2	2	2	1	2		-62135596800	0	false	
3491	3	5	4	0	4	3	2	2	2	2	1	2		-62135596800	0	false	
3492	0	6	4	0	4	3	2	2	2	2	1	2		-62135596800	0	false	
3493	1	6	4	0	4	3	2	2	2	2	1	2		-62135596800	0	false	
3494	2	6	4	0	4	3	2	2	2	2	1	2		-62135596800	0	false	
3495	3	6	4	0	4	3	2	2	2	2	1	2		-62135596800	0	false	
3496	0	5	4	1	4	3	2	2	2	2	1	2		-62135596800	0	false	
3497	1	5	4	1	4	3	2	2	2	2	1	2		-62135596800	0	false	
3498	2	5	4	1	4	3	2	2	2	2	1	2		-62135596800	0	false	
3499	3	5	4	1	4	3	2	2	2	2	1	2		-62135596800	0	false	
3500	0	6	4	1	4	3	2	2	2	2	1	2	silver	1658261912	28.292643305	true	
3501	1	6	4	1	4	3	2	2	2	2	1	2	silver	1658262696	26.866419298	true	
3502	2	6	4	1	4	3	2	2	2	2	1	2	silver	1658263087	26.925611178	true	
3503	3	6	4	1	4	3	2	2	2	2	1	2	silver	1658262299	27.885652024	true	
3504	0	5	4	2	4	3	2	2	2	2	1	2		-62135596800	0	false	
3505	1	5	4	2	4	3	2	2	2	2	1	2		-62135596800	0	false	
3506	2	5	4	2	4	3	2	2	2	2	1	2		-62135596800	0	false	
3507	3	5	4	2	4	3	2	2	2	2	1	2		-62135596800	0	false	
3508	0	6	4	2	4	3	2	2	2	2	1	2		-62135596800	0	false	
3509	1	6	4	2	4	3	2	2	2	2	1	2		-62135596800	0	false	
3510	2	6	4	2	4	3	2	2	2	2	1	2		-62135596800	0	false	
3511	3	6	4	2	4	3	2	2	2	2	1	2		-62135596800	0	false	
3512	0	5	4	3	4	3	2	2	2	2	1	2		-62135596800	0	false	
3513	1	5	4	3	4	3	2	2	2	2	1	2		-62135596800	0	false	
3514	2	5	4	3	4	3	2	2	2	2	1	2		-62135596800	0	false	
3515	3	5	4	3	4	3	2	2	2	2	1	2		-62135596800	0	false	
3516	0	6	4	3	4	3	2	2	2	2	1	2		-62135596800	0	false	
3517	1	6	4	3	4	3	2	2	2	2	1	2		-62135596800	0	false	
3518	2	6	4	3	4	3	2	2	2	2	1	2		-62135596800	0	false	
3519	3	6	4	3	4	3	2	2	2	2	1	2		-62135596800	0	false	
3520	0	5	4	0	3	3	3	2	2	2	1	2		-62135596800	0	false	
3521	1	5	4	0	3	3	3	2	2	2	1	2		-62135596800	0	false	
3522	2	5	4	0	3	3	3	2	2	2	1	2		-62135596800	0	false	
3523	3	5	4	0	3	3	3	2	2	2	1	2		-62135596800	0	false	
3524	0	6	4	0	3	3	3	2	2	2	1	2		-62135596800	0	false	
3525	1	6	4	0	3	3	3	2	2	2	1	2		-62135596800	0	false	
3526	2	6	4	0	3	3	3	2	2	2	1	2		-62135596800	0	false	
3527	3	6	4	0	3	3	3	2	2	2	1	2		-62135596800	0	false	
3528	0	5	4	1	3	3	3	2	2	2	1	2		-62135596800	0	false	
3529	1	5	4	1	3	3	3	2	2	2	1	2		-62135596800	0	false	
3530	2	5	4	1	3	3	3	2	2	2	1	2		-62135596800	0	false	
3531	3	5	4	1	3	3	3	2	2	2	1	2		-62135596800	0	false	
3532	0	6	4	1	3	3	3	2	2	2	1	2		-62135596800	0	false	
3533	1	6	4	1	3	3	3	2	2	2	1	2		-62135596800	0	false	
3534	2	6	4	1	3	3	3	2	2	2	1	2		-62135596800	0	false	
3535	3	6	4	1	3	3	3	2	2	2	1	2		-62135596800	0	false	
3536	0	5	4	2	3	3	3	2	2	2	1	2		-62135596800	0	false	
3537	1	5	4	2	3	3	3	2	2	2	1	2		-62135596800	0	false	
3538	2	5	4	2	3	3	3	2	2	2	1	2		-62135596800	0	false	
3539	3	5	4	2	3	3	3	2	2	2	1	2		-62135596800	0	false	
3540	0	6	4	2	3	3	3	2	2	2	1	2		-62135596800	0	false	
3541	1	6	4	2	3	3	3	2	2	2	1	2		-62135596800	0	false	
3542	2	6	4	2	3	3	3	2	2	2	1	2		-62135596800	0	false	
3543	3	6	4	2	3	3	3	2	2	2	1	2		-62135596800	0	false	
3544	0	5	4	3	3	3	3	2	2	2	1	2		-62135596800	0	false	
3545	1	5	4	3	3	3	3	2	2	2	1	2		-62135596800	0	false	
3546	2	5	4	3	3	3	3	2	2	2	1	2		-62135596800	0	false	
3547	3	5	4	3	3	3	3	2	2	2	1	2		-62135596800	0	false	
3548	0	6	4	3	3	3	3	2	2	2	1	2		-62135596800	0	false	
3549	1	6	4	3	3	3	3	2	2	2	1	2		-62135596800	0	false	
3550	2	6	4	3	3	3	3	2	2	2	1	2		-62135596800	0	false	
3551	3	6	4	3	3	3	3	2	2	2	1	2		-62135596800	0	false	
3552	0	5	4	0	4	3	3	2	2	2	1	2		-62135596800	0	false	
3553	1	5	4	0	4	3	3	2	2	2	1	2		-62135596800	0	false	
3554	2	5	4	0	4	3	3	2	2	2	1	2		-62135596800	0	false	
3555	3	5	4	0	4	3	3	2	2	2	1	2		-62135596800	0	false	
3556	0	6	4	0	4	3	3	2	2	2	1	2		-62135596800	0	false	
3557	1	6	4	0	4	3	3	2	2	2	1	2		-62135596800	0	false	
3558	2	6	4	0	4	3	3	2	2	2	1	2		-62135596800	0	false	
3559	3	6	4	0	4	3	3	2	2	2	1	2		-62135596800	0	false	
3560	0	5	4	1	4	3	3	2	2	2	1	2		-62135596800	0	false	
3561	1	5	4	1	4	3	3	2	2	2	1	2		-62135596800	0	false	
3562	2	5	4	1	4	3	3	2	2	2	1	2		-62135596800	0	false	
3563	3	5	4	1	4	3	3	2	2	2	1	2		-62135596800	0	false	
3564	0	6	4	1	4	3	3	2	2	2	1	2		-62135596800	0	false	
3565	1	6	4	1	4	3	3	2	2	2	1	2		-62135596800	0	false	
3566	2	6	4	1	4	3	3	2	2	2	1	2		-62135596800	0	false	
3567	3	6	4	1	4	3	3	2	2	2	1	2		-62135596800	0	false	
3568	0	5	4	2	4	3	3	2	2	2	1	2		-62135596800	0	false	
3569	1	5	4	2	4	3	3	2	2	2	1	2		-62135596800	0	false	
3570	2	5	4	2	4	3	3	2	2	2	1	2		-62135596800	0	false	
3571	3	5	4	2	4	3	3	2	2	2	1	2		-62135596800	0	false	
3572	0	6	4	2	4	3	3	2	2	2	1	2		-62135596800	0	false	
3573	1	6	4	2	4	3	3	2	2	2	1	2		-62135596800	0	false	
3574	2	6	4	2	4	3	3	2	2	2	1	2		-62135596800	0	false	
3575	3	6	4	2	4	3	3	2	2	2	1	2		-62135596800	0	false	
3576	0	5	4	3	4	3	3	2	2	2	1	2		-62135596800	0	false	
3577	1	5	4	3	4	3	3	2	2	2	1	2		-62135596800	0	false	
3578	2	5	4	3	4	3	3	2	2	2	1	2		-62135596800	0	false	
3579	3	5	4	3	4	3	3	2	2	2	1	2		-62135596800	0	false	
3580	0	6	4	3	4	3	3	2	2	2	1	2		-62135596800	0	false	
3581	1	6	4	3	4	3	3	2	2	2	1	2		-62135596800	0	false	
3582	2	6	4	3	4	3	3	2	2	2	1	2		-62135596800	0	false	
3583	3	6	4	3	4	3	3	2	2	2	1	2		-62135596800	0	false	
3584	0	5	4	0	3	3	0	1	2	3	1	2		-62135596800	0	false	
3585	1	5	4	0	3	3	0	1	2	3	1	2		-62135596800	0	false	
3586	2	5	4	0	3	3	0	1	2	3	1	2		-62135596800	0	false	
3587	3	5	4	0	3	3	0	1	2	3	1	2		-62135596800	0	false	
3588	0	6	4	0	3	3	0	1	2	3	1	2		-62135596800	0	false	
3589	1	6	4	0	3	3	0	1	2	3	1	2		-62135596800	0	false	
3590	2	6	4	0	3	3	0	1	2	3	1	2		-62135596800	0	false	
3591	3	6	4	0	3	3	0	1	2	3	1	2		-62135596800	0	false	
3592	0	5	4	1	3	3	0	1	2	3	1	2		-62135596800	0	false	
3593	1	5	4	1	3	3	0	1	2	3	1	2		-62135596800	0	false	
3594	2	5	4	1	3	3	0	1	2	3	1	2		-62135596800	0	false	
3595	3	5	4	1	3	3	0	1	2	3	1	2		-62135596800	0	false	
3596	0	6	4	1	3	3	0	1	2	3	1	2		-62135596800	0	false	
3597	1	6	4	1	3	3	0	1	2	3	1	2		-62135596800	0	false	
3598	2	6	4	1	3	3	0	1	2	3	1	2		-62135596800	0	false	
3599	3	6	4	1	3	3	0	1	2	3	1	2		-62135596800	0	false	
3600	0	5	4	2	3	3	0	1	2	3	1	2		-62135596800	0	false	
3601	1	5	4	2	3	3	0	1	2	3	1	2		-62135596800	0	false	
3602	2	5	4	2	3	3	0	1	2	3	1	2		-62135596800	0	false	
3603	3	5	4	2	3	3	0	1	2	3	1	2		-62135596800	0	false	
3604	0	6	4	2	3	3	0	1	2	3	1	2		-62135596800	0	false	
3605	1	6	4	2	3	3	0	1	2	3	1	2		-62135596800	0	false	
3606	2	6	4	2	3	3	0	1	2	3	1	2		-62135596800	0	false	
3607	3	6	4	2	3	3	0	1	2	3	1	2		-62135596800	0	false	
3608	0	5	4	3	3	3	0	1	2	3	1	2		-62135596800	0	false	
3609	1	5	4	3	3	3	0	1	2	3	1	2		-62135596800	0	false	
3610	2	5	4	3	3	3	0	1	2	3	1	2		-62135596800	0	false	
3611	3	5	4	3	3	3	0	1	2	3	1	2		-62135596800	0	false	
3612	0	6	4	3	3	3	0	1	2	3	1	2		-62135596800	0	false	
3613	1	6	4	3	3	3	0	1	2	3	1	2		-62135596800	0	false	
3614	2	6	4	3	3	3	0	1	2	3	1	2		-62135596800	0	false	
3615	3	6	4	3	3	3	0	1	2	3	1	2		-62135596800	0	false	
3616	0	5	4	0	4	3	0	1	2	3	1	2		-62135596800	0	false	
3617	1	5	4	0	4	3	0	1	2	3	1	2		-62135596800	0	false	
3618	2	5	4	0	4	3	0	1	2	3	1	2		-62135596800	0	false	
3619	3	5	4	0	4	3	0	1	2	3	1	2		-62135596800	0	false	
3620	0	6	4	0	4	3	0	1	2	3	1	2		-62135596800	0	false	
3621	1	6	4	0	4	3	0	1	2	3	1	2		-62135596800	0	false	
3622	2	6	4	0	4	3	0	1	2	3	1	2		-62135596800	0	false	
3623	3	6	4	0	4	3	0	1	2	3	1	2		-62135596800	0	false	
3624	0	5	4	1	4	3	0	1	2	3	1	2		-62135596800	0	false	
3625	1	5	4	1	4	3	0	1	2	3	1	2		-62135596800	0	false	
3626	2	5	4	1	4	3	0	1	2	3	1	2		-62135596800	0	false	
3627	3	5	4	1	4	3	0	1	2	3	1	2		-62135596800	0	false	
3628	0	6	4	1	4	3	0	1	2	3	1	2		-62135596800	0	false	
3629	1	6	4	1	4	3	0	1	2	3	1	2		-62135596800	0	false	
3630	2	6	4	1	4	3	0	1	2	3	1	2		-62135596800	0	false	
3631	3	6	4	1	4	3	0	1	2	3	1	2		-62135596800	0	false	
3632	0	5	4	2	4	3	0	1	2	3	1	2		-62135596800	0	false	
3633	1	5	4	2	4	3	0	1	2	3	1	2		-62135596800	0	false	
3634	2	5	4	2	4	3	0	1	2	3	1	2		-62135596800	0	false	
3635	3	5	4	2	4	3	0	1	2	3	1	2		-62135596800	0	false	
3636	0	6	4	2	4	3	0	1	2	3	1	2		-62135596800	0	false	
3637	1	6	4	2	4	3	0	1	2	3	1	2		-62135596800	0	false	
3638	2	6	4	2	4	3	0	1	2	3	1	2		-62135596800	0	false	
3639	3	6	4	2	4	3	0	1	2	3	1	2		-62135596800	0	false	
3640	0	5	4	3	4	3	0	1	2	3	1	2		-62135596800	0	false	
3641	1	5	4	3	4	3	0	1	2	3	1	2		-62135596800	0	false	
3642	2	5	4	3	4	3	0	1	2	3	1	2		-62135596800	0	false	
3643	3	5	4	3	4	3	0	1	2	3	1	2		-62135596800	0	false	
3644	0	6	4	3	4	3	0	1	2	3	1	2		-62135596800	0	false	
3645	1	6	4	3	4	3	0	1	2	3	1	2		-62135596800	0	false	
3646	2	6	4	3	4	3	0	1	2	3	1	2		-62135596800	0	false	
3647	3	6	4	3	4	3	0	1	2	3	1	2		-62135596800	0	false	
3648	0	5	4	0	3	3	1	1	2	3	1	2		-62135596800	0	false	
3649	1	5	4	0	3	3	1	1	2	3	1	2		-62135596800	0	false	
3650	2	5	4	0	3	3	1	1	2	3	1	2		-62135596800	0	false	
3651	3	5	4	0	3	3	1	1	2	3	1	2		-62135596800	0	false	
3652	0	6	4	0	3	3	1	1	2	3	1	2		-62135596800	0	false	
3653	1	6	4	0	3	3	1	1	2	3	1	2		-62135596800	0	false	
3654	2	6	4	0	3	3	1	1	2	3	1	2		-62135596800	0	false	
3655	3	6	4	0	3	3	1	1	2	3	1	2		-62135596800	0	false	
3656	0	5	4	1	3	3	1	1	2	3	1	2		-62135596800	0	false	
3657	1	5	4	1	3	3	1	1	2	3	1	2		-62135596800	0	false	
3658	2	5	4	1	3	3	1	1	2	3	1	2		-62135596800	0	false	
3659	3	5	4	1	3	3	1	1	2	3	1	2		-62135596800	0	false	
3660	0	6	4	1	3	3	1	1	2	3	1	2		-62135596800	0	false	
3661	1	6	4	1	3	3	1	1	2	3	1	2		-62135596800	0	false	
3662	2	6	4	1	3	3	1	1	2	3	1	2		-62135596800	0	false	
3663	3	6	4	1	3	3	1	1	2	3	1	2		-62135596800	0	false	
3664	0	5	4	2	3	3	1	1	2	3	1	2		-62135596800	0	false	
3665	1	5	4	2	3	3	1	1	2	3	1	2		-62135596800	0	false	
3666	2	5	4	2	3	3	1	1	2	3	1	2		-62135596800	0	false	
3667	3	5	4	2	3	3	1	1	2	3	1	2		-62135596800	0	false	
3668	0	6	4	2	3	3	1	1	2	3	1	2		-62135596800	0	false	
3669	1	6	4	2	3	3	1	1	2	3	1	2		-62135596800	0	false	
3670	2	6	4	2	3	3	1	1	2	3	1	2		-62135596800	0	false	
3671	3	6	4	2	3	3	1	1	2	3	1	2		-62135596800	0	false	
3672	0	5	4	3	3	3	1	1	2	3	1	2		-62135596800	0	false	
3673	1	5	4	3	3	3	1	1	2	3	1	2		-62135596800	0	false	
3674	2	5	4	3	3	3	1	1	2	3	1	2		-62135596800	0	false	
3675	3	5	4	3	3	3	1	1	2	3	1	2		-62135596800	0	false	
3676	0	6	4	3	3	3	1	1	2	3	1	2		-62135596800	0	false	
3677	1	6	4	3	3	3	1	1	2	3	1	2		-62135596800	0	false	
3678	2	6	4	3	3	3	1	1	2	3	1	2		-62135596800	0	false	
3679	3	6	4	3	3	3	1	1	2	3	1	2		-62135596800	0	false	
3680	0	5	4	0	4	3	1	1	2	3	1	2		-62135596800	0	false	
3681	1	5	4	0	4	3	1	1	2	3	1	2		-62135596800	0	false	
3682	2	5	4	0	4	3	1	1	2	3	1	2		-62135596800	0	false	
3683	3	5	4	0	4	3	1	1	2	3	1	2		-62135596800	0	false	
3684	0	6	4	0	4	3	1	1	2	3	1	2		-62135596800	0	false	
3685	1	6	4	0	4	3	1	1	2	3	1	2		-62135596800	0	false	
3686	2	6	4	0	4	3	1	1	2	3	1	2		-62135596800	0	false	
3687	3	6	4	0	4	3	1	1	2	3	1	2		-62135596800	0	false	
3688	0	5	4	1	4	3	1	1	2	3	1	2		-62135596800	0	false	
3689	1	5	4	1	4	3	1	1	2	3	1	2		-62135596800	0	false	
3690	2	5	4	1	4	3	1	1	2	3	1	2		-62135596800	0	false	
3691	3	5	4	1	4	3	1	1	2	3	1	2		-62135596800	0	false	
3692	0	6	4	1	4	3	1	1	2	3	1	2		-62135596800	0	false	
3693	1	6	4	1	4	3	1	1	2	3	1	2		-62135596800	0	false	
3694	2	6	4	1	4	3	1	1	2	3	1	2		-62135596800	0	false	
3695	3	6	4	1	4	3	1	1	2	3	1	2		-62135596800	0	false	
3696	0	5	4	2	4	3	1	1	2	3	1	2		-62135596800	0	false	
3697	1	5	4	2	4	3	1	1	2	3	1	2		-62135596800	0	false	
3698	2	5	4	2	4	3	1	1	2	3	1	2		-62135596800	0	false	
3699	3	5	4	2	4	3	1	1	2	3	1	2		-62135596800	0	false	
3700	0	6	4	2	4	3	1	1	2	3	1	2		-62135596800	0	false	
3701	1	6	4	2	4	3	1	1	2	3	1	2		-62135596800	0	false	
3702	2	6	4	2	4	3	1	1	2	3	1	2		-62135596800	0	false	
3703	3	6	4	2	4	3	1	1	2	3	1	2		-62135596800	0	false	
3704	0	5	4	3	4	3	1	1	2	3	1	2		-62135596800	0	false	
3705	1	5	4	3	4	3	1	1	2	3	1	2		-62135596800	0	false	
3706	2	5	4	3	4	3	1	1	2	3	1	2		-62135596800	0	false	
3707	3	5	4	3	4	3	1	1	2	3	1	2		-62135596800	0	false	
3708	0	6	4	3	4	3	1	1	2	3	1	2		-62135596800	0	false	
3709	1	6	4	3	4	3	1	1	2	3	1	2		-62135596800	0	false	
3710	2	6	4	3	4	3	1	1	2	3	1	2		-62135596800	0	false	
3711	3	6	4	3	4	3	1	1	2	3	1	2		-62135596800	0	false	
3712	0	5	4	0	3	3	2	1	2	3	1	2		-62135596800	0	false	
3713	1	5	4	0	3	3	2	1	2	3	1	2		-62135596800	0	false	
3714	2	5	4	0	3	3	2	1	2	3	1	2		-62135596800	0	false	
3715	3	5	4	0	3	3	2	1	2	3	1	2		-62135596800	0	false	
3716	0	6	4	0	3	3	2	1	2	3	1	2		-62135596800	0	false	
3717	1	6	4	0	3	3	2	1	2	3	1	2		-62135596800	0	false	
3718	2	6	4	0	3	3	2	1	2	3	1	2		-62135596800	0	false	
3719	3	6	4	0	3	3	2	1	2	3	1	2		-62135596800	0	false	
3720	0	5	4	1	3	3	2	1	2	3	1	2		-62135596800	0	false	
3721	1	5	4	1	3	3	2	1	2	3	1	2		-62135596800	0	false	
3722	2	5	4	1	3	3	2	1	2	3	1	2		-62135596800	0	false	
3723	3	5	4	1	3	3	2	1	2	3	1	2		-62135596800	0	false	
3724	0	6	4	1	3	3	2	1	2	3	1	2		-62135596800	0	false	
3725	1	6	4	1	3	3	2	1	2	3	1	2		-62135596800	0	false	
3726	2	6	4	1	3	3	2	1	2	3	1	2		-62135596800	0	false	
3727	3	6	4	1	3	3	2	1	2	3	1	2		-62135596800	0	false	
3728	0	5	4	2	3	3	2	1	2	3	1	2		-62135596800	0	false	
3729	1	5	4	2	3	3	2	1	2	3	1	2		-62135596800	0	false	
3730	2	5	4	2	3	3	2	1	2	3	1	2		-62135596800	0	false	
3731	3	5	4	2	3	3	2	1	2	3	1	2		-62135596800	0	false	
3732	0	6	4	2	3	3	2	1	2	3	1	2		-62135596800	0	false	
3733	1	6	4	2	3	3	2	1	2	3	1	2		-62135596800	0	false	
3734	2	6	4	2	3	3	2	1	2	3	1	2		-62135596800	0	false	
3735	3	6	4	2	3	3	2	1	2	3	1	2		-62135596800	0	false	
3736	0	5	4	3	3	3	2	1	2	3	1	2		-62135596800	0	false	
3737	1	5	4	3	3	3	2	1	2	3	1	2		-62135596800	0	false	
3738	2	5	4	3	3	3	2	1	2	3	1	2		-62135596800	0	false	
3739	3	5	4	3	3	3	2	1	2	3	1	2		-62135596800	0	false	
3740	0	6	4	3	3	3	2	1	2	3	1	2		-62135596800	0	false	
3741	1	6	4	3	3	3	2	1	2	3	1	2		-62135596800	0	false	
3742	2	6	4	3	3	3	2	1	2	3	1	2		-62135596800	0	false	
3743	3	6	4	3	3	3	2	1	2	3	1	2		-62135596800	0	false	
3744	0	5	4	0	4	3	2	1	2	3	1	2		-62135596800	0	false	
3745	1	5	4	0	4	3	2	1	2	3	1	2		-62135596800	0	false	
3746	2	5	4	0	4	3	2	1	2	3	1	2		-62135596800	0	false	
3747	3	5	4	0	4	3	2	1	2	3	1	2		-62135596800	0	false	
3748	0	6	4	0	4	3	2	1	2	3	1	2		-62135596800	0	false	
3749	1	6	4	0	4	3	2	1	2	3	1	2		-62135596800	0	false	
3750	2	6	4	0	4	3	2	1	2	3	1	2		-62135596800	0	false	
3751	3	6	4	0	4	3	2	1	2	3	1	2		-62135596800	0	false	
3752	0	5	4	1	4	3	2	1	2	3	1	2		-62135596800	0	false	
3753	1	5	4	1	4	3	2	1	2	3	1	2		-62135596800	0	false	
3754	2	5	4	1	4	3	2	1	2	3	1	2		-62135596800	0	false	
3755	3	5	4	1	4	3	2	1	2	3	1	2		-62135596800	0	false	
3756	0	6	4	1	4	3	2	1	2	3	1	2		-62135596800	0	false	
3757	1	6	4	1	4	3	2	1	2	3	1	2		-62135596800	0	false	
3758	2	6	4	1	4	3	2	1	2	3	1	2		-62135596800	0	false	
3759	3	6	4	1	4	3	2	1	2	3	1	2		-62135596800	0	false	
3760	0	5	4	2	4	3	2	1	2	3	1	2		-62135596800	0	false	
3761	1	5	4	2	4	3	2	1	2	3	1	2		-62135596800	0	false	
3762	2	5	4	2	4	3	2	1	2	3	1	2		-62135596800	0	false	
3763	3	5	4	2	4	3	2	1	2	3	1	2		-62135596800	0	false	
3764	0	6	4	2	4	3	2	1	2	3	1	2		-62135596800	0	false	
3765	1	6	4	2	4	3	2	1	2	3	1	2		-62135596800	0	false	
3766	2	6	4	2	4	3	2	1	2	3	1	2		-62135596800	0	false	
3767	3	6	4	2	4	3	2	1	2	3	1	2		-62135596800	0	false	
3768	0	5	4	3	4	3	2	1	2	3	1	2		-62135596800	0	false	
3769	1	5	4	3	4	3	2	1	2	3	1	2		-62135596800	0	false	
3770	2	5	4	3	4	3	2	1	2	3	1	2		-62135596800	0	false	
3771	3	5	4	3	4	3	2	1	2	3	1	2		-62135596800	0	false	
3772	0	6	4	3	4	3	2	1	2	3	1	2		-62135596800	0	false	
3773	1	6	4	3	4	3	2	1	2	3	1	2		-62135596800	0	false	
3774	2	6	4	3	4	3	2	1	2	3	1	2		-62135596800	0	false	
3775	3	6	4	3	4	3	2	1	2	3	1	2		-62135596800	0	false	
3776	0	5	4	0	3	3	3	1	2	3	1	2		-62135596800	0	false	
3777	1	5	4	0	3	3	3	1	2	3	1	2		-62135596800	0	false	
3778	2	5	4	0	3	3	3	1	2	3	1	2		-62135596800	0	false	
3779	3	5	4	0	3	3	3	1	2	3	1	2		-62135596800	0	false	
3780	0	6	4	0	3	3	3	1	2	3	1	2		-62135596800	0	false	
3781	1	6	4	0	3	3	3	1	2	3	1	2		-62135596800	0	false	
3782	2	6	4	0	3	3	3	1	2	3	1	2		-62135596800	0	false	
3783	3	6	4	0	3	3	3	1	2	3	1	2		-62135596800	0	false	
3784	0	5	4	1	3	3	3	1	2	3	1	2		-62135596800	0	false	
3785	1	5	4	1	3	3	3	1	2	3	1	2		-62135596800	0	false	
3786	2	5	4	1	3	3	3	1	2	3	1	2		-62135596800	0	false	
3787	3	5	4	1	3	3	3	1	2	3	1	2		-62135596800	0	false	
3788	0	6	4	1	3	3	3	1	2	3	1	2		-62135596800	0	false	
3789	1	6	4	1	3	3	3	1	2	3	1	2		-62135596800	0	false	
3790	2	6	4	1	3	3	3	1	2	3	1	2		-62135596800	0	false	
3791	3	6	4	1	3	3	3	1	2	3	1	2		-62135596800	0	false	
3792	0	5	4	2	3	3	3	1	2	3	1	2		-62135596800	0	false	
3793	1	5	4	2	3	3	3	1	2	3	1	2		-62135596800	0	false	
3794	2	5	4	2	3	3	3	1	2	3	1	2		-62135596800	0	false	
3795	3	5	4	2	3	3	3	1	2	3	1	2		-62135596800	0	false	
3796	0	6	4	2	3	3	3	1	2	3	1	2		-62135596800	0	false	
3797	1	6	4	2	3	3	3	1	2	3	1	2		-62135596800	0	false	
3798	2	6	4	2	3	3	3	1	2	3	1	2		-62135596800	0	false	
3799	3	6	4	2	3	3	3	1	2	3	1	2		-62135596800	0	false	
3800	0	5	4	3	3	3	3	1	2	3	1	2		-62135596800	0	false	
3801	1	5	4	3	3	3	3	1	2	3	1	2		-62135596800	0	false	
3802	2	5	4	3	3	3	3	1	2	3	1	2		-62135596800	0	false	
3803	3	5	4	3	3	3	3	1	2	3	1	2		-62135596800	0	false	
3804	0	6	4	3	3	3	3	1	2	3	1	2		-62135596800	0	false	
3805	1	6	4	3	3	3	3	1	2	3	1	2		-62135596800	0	false	
3806	2	6	4	3	3	3	3	1	2	3	1	2		-62135596800	0	false	
3807	3	6	4	3	3	3	3	1	2	3	1	2		-62135596800	0	false	
3808	0	5	4	0	4	3	3	1	2	3	1	2		-62135596800	0	false	
3809	1	5	4	0	4	3	3	1	2	3	1	2		-62135596800	0	false	
3810	2	5	4	0	4	3	3	1	2	3	1	2		-62135596800	0	false	
3811	3	5	4	0	4	3	3	1	2	3	1	2		-62135596800	0	false	
3812	0	6	4	0	4	3	3	1	2	3	1	2		-62135596800	0	false	
3813	1	6	4	0	4	3	3	1	2	3	1	2		-62135596800	0	false	
3814	2	6	4	0	4	3	3	1	2	3	1	2		-62135596800	0	false	
3815	3	6	4	0	4	3	3	1	2	3	1	2		-62135596800	0	false	
3816	0	5	4	1	4	3	3	1	2	3	1	2		-62135596800	0	false	
3817	1	5	4	1	4	3	3	1	2	3	1	2		-62135596800	0	false	
3818	2	5	4	1	4	3	3	1	2	3	1	2		-62135596800	0	false	
3819	3	5	4	1	4	3	3	1	2	3	1	2		-62135596800	0	false	
3820	0	6	4	1	4	3	3	1	2	3	1	2		-62135596800	0	false	
3821	1	6	4	1	4	3	3	1	2	3	1	2		-62135596800	0	false	
3822	2	6	4	1	4	3	3	1	2	3	1	2		-62135596800	0	false	
3823	3	6	4	1	4	3	3	1	2	3	1	2		-62135596800	0	false	
3824	0	5	4	2	4	3	3	1	2	3	1	2		-62135596800	0	false	
3825	1	5	4	2	4	3	3	1	2	3	1	2		-62135596800	0	false	
3826	2	5	4	2	4	3	3	1	2	3	1	2		-62135596800	0	false	
3827	3	5	4	2	4	3	3	1	2	3	1	2		-62135596800	0	false	
3828	0	6	4	2	4	3	3	1	2	3	1	2		-62135596800	0	false	
3829	1	6	4	2	4	3	3	1	2	3	1	2		-62135596800	0	false	
3830	2	6	4	2	4	3	3	1	2	3	1	2		-62135596800	0	false	
3831	3	6	4	2	4	3	3	1	2	3	1	2		-62135596800	0	false	
3832	0	5	4	3	4	3	3	1	2	3	1	2		-62135596800	0	false	
3833	1	5	4	3	4	3	3	1	2	3	1	2		-62135596800	0	false	
3834	2	5	4	3	4	3	3	1	2	3	1	2		-62135596800	0	false	
3835	3	5	4	3	4	3	3	1	2	3	1	2		-62135596800	0	false	
3836	0	6	4	3	4	3	3	1	2	3	1	2		-62135596800	0	false	
3837	1	6	4	3	4	3	3	1	2	3	1	2		-62135596800	0	false	
3838	2	6	4	3	4	3	3	1	2	3	1	2		-62135596800	0	false	
3839	3	6	4	3	4	3	3	1	2	3	1	2		-62135596800	0	false	
3840	0	5	4	0	3	3	0	2	2	3	1	2		-62135596800	0	false	
3841	1	5	4	0	3	3	0	2	2	3	1	2		-62135596800	0	false	
3842	2	5	4	0	3	3	0	2	2	3	1	2		-62135596800	0	false	
3843	3	5	4	0	3	3	0	2	2	3	1	2		-62135596800	0	false	
3844	0	6	4	0	3	3	0	2	2	3	1	2		-62135596800	0	false	
3845	1	6	4	0	3	3	0	2	2	3	1	2		-62135596800	0	false	
3846	2	6	4	0	3	3	0	2	2	3	1	2		-62135596800	0	false	
3847	3	6	4	0	3	3	0	2	2	3	1	2		-62135596800	0	false	
3848	0	5	4	1	3	3	0	2	2	3	1	2		-62135596800	0	false	
3849	1	5	4	1	3	3	0	2	2	3	1	2		-62135596800	0	false	
3850	2	5	4	1	3	3	0	2	2	3	1	2		-62135596800	0	false	
3851	3	5	4	1	3	3	0	2	2	3	1	2		-62135596800	0	false	
3852	0	6	4	1	3	3	0	2	2	3	1	2		-62135596800	0	false	
3853	1	6	4	1	3	3	0	2	2	3	1	2		-62135596800	0	false	
3854	2	6	4	1	3	3	0	2	2	3	1	2		-62135596800	0	false	
3855	3	6	4	1	3	3	0	2	2	3	1	2		-62135596800	0	false	
3856	0	5	4	2	3	3	0	2	2	3	1	2		-62135596800	0	false	
3857	1	5	4	2	3	3	0	2	2	3	1	2		-62135596800	0	false	
3858	2	5	4	2	3	3	0	2	2	3	1	2		-62135596800	0	false	
3859	3	5	4	2	3	3	0	2	2	3	1	2		-62135596800	0	false	
3860	0	6	4	2	3	3	0	2	2	3	1	2		-62135596800	0	false	
3861	1	6	4	2	3	3	0	2	2	3	1	2		-62135596800	0	false	
3862	2	6	4	2	3	3	0	2	2	3	1	2		-62135596800	0	false	
3863	3	6	4	2	3	3	0	2	2	3	1	2		-62135596800	0	false	
3864	0	5	4	3	3	3	0	2	2	3	1	2		-62135596800	0	false	
3865	1	5	4	3	3	3	0	2	2	3	1	2		-62135596800	0	false	
3866	2	5	4	3	3	3	0	2	2	3	1	2		-62135596800	0	false	
3867	3	5	4	3	3	3	0	2	2	3	1	2		-62135596800	0	false	
3868	0	6	4	3	3	3	0	2	2	3	1	2		-62135596800	0	false	
3869	1	6	4	3	3	3	0	2	2	3	1	2		-62135596800	0	false	
3870	2	6	4	3	3	3	0	2	2	3	1	2		-62135596800	0	false	
3871	3	6	4	3	3	3	0	2	2	3	1	2		-62135596800	0	false	
3872	0	5	4	0	4	3	0	2	2	3	1	2		-62135596800	0	false	
3873	1	5	4	0	4	3	0	2	2	3	1	2		-62135596800	0	false	
3874	2	5	4	0	4	3	0	2	2	3	1	2		-62135596800	0	false	
3875	3	5	4	0	4	3	0	2	2	3	1	2		-62135596800	0	false	
3876	0	6	4	0	4	3	0	2	2	3	1	2		-62135596800	0	false	
3877	1	6	4	0	4	3	0	2	2	3	1	2		-62135596800	0	false	
3878	2	6	4	0	4	3	0	2	2	3	1	2		-62135596800	0	false	
3879	3	6	4	0	4	3	0	2	2	3	1	2		-62135596800	0	false	
3880	0	5	4	1	4	3	0	2	2	3	1	2		-62135596800	0	false	
3881	1	5	4	1	4	3	0	2	2	3	1	2		-62135596800	0	false	
3882	2	5	4	1	4	3	0	2	2	3	1	2		-62135596800	0	false	
3883	3	5	4	1	4	3	0	2	2	3	1	2		-62135596800	0	false	
3884	0	6	4	1	4	3	0	2	2	3	1	2		-62135596800	0	false	
3885	1	6	4	1	4	3	0	2	2	3	1	2		-62135596800	0	false	
3886	2	6	4	1	4	3	0	2	2	3	1	2		-62135596800	0	false	
3887	3	6	4	1	4	3	0	2	2	3	1	2		-62135596800	0	false	
3888	0	5	4	2	4	3	0	2	2	3	1	2		-62135596800	0	false	
3889	1	5	4	2	4	3	0	2	2	3	1	2		-62135596800	0	false	
3890	2	5	4	2	4	3	0	2	2	3	1	2		-62135596800	0	false	
3891	3	5	4	2	4	3	0	2	2	3	1	2		-62135596800	0	false	
3892	0	6	4	2	4	3	0	2	2	3	1	2		-62135596800	0	false	
3893	1	6	4	2	4	3	0	2	2	3	1	2		-62135596800	0	false	
3894	2	6	4	2	4	3	0	2	2	3	1	2		-62135596800	0	false	
3895	3	6	4	2	4	3	0	2	2	3	1	2		-62135596800	0	false	
3896	0	5	4	3	4	3	0	2	2	3	1	2		-62135596800	0	false	
3897	1	5	4	3	4	3	0	2	2	3	1	2		-62135596800	0	false	
3898	2	5	4	3	4	3	0	2	2	3	1	2		-62135596800	0	false	
3899	3	5	4	3	4	3	0	2	2	3	1	2		-62135596800	0	false	
3900	0	6	4	3	4	3	0	2	2	3	1	2		-62135596800	0	false	
3901	1	6	4	3	4	3	0	2	2	3	1	2		-62135596800	0	false	
3902	2	6	4	3	4	3	0	2	2	3	1	2		-62135596800	0	false	
3903	3	6	4	3	4	3	0	2	2	3	1	2		-62135596800	0	false	
3904	0	5	4	0	3	3	1	2	2	3	1	2		-62135596800	0	false	
3905	1	5	4	0	3	3	1	2	2	3	1	2		-62135596800	0	false	
3906	2	5	4	0	3	3	1	2	2	3	1	2		-62135596800	0	false	
3907	3	5	4	0	3	3	1	2	2	3	1	2		-62135596800	0	false	
3908	0	6	4	0	3	3	1	2	2	3	1	2		-62135596800	0	false	
3909	1	6	4	0	3	3	1	2	2	3	1	2		-62135596800	0	false	
3910	2	6	4	0	3	3	1	2	2	3	1	2		-62135596800	0	false	
3911	3	6	4	0	3	3	1	2	2	3	1	2		-62135596800	0	false	
3912	0	5	4	1	3	3	1	2	2	3	1	2		-62135596800	0	false	
3913	1	5	4	1	3	3	1	2	2	3	1	2		-62135596800	0	false	
3914	2	5	4	1	3	3	1	2	2	3	1	2		-62135596800	0	false	
3915	3	5	4	1	3	3	1	2	2	3	1	2		-62135596800	0	false	
3916	0	6	4	1	3	3	1	2	2	3	1	2		-62135596800	0	false	
3917	1	6	4	1	3	3	1	2	2	3	1	2		-62135596800	0	false	
3918	2	6	4	1	3	3	1	2	2	3	1	2		-62135596800	0	false	
3919	3	6	4	1	3	3	1	2	2	3	1	2		-62135596800	0	false	
3920	0	5	4	2	3	3	1	2	2	3	1	2		-62135596800	0	false	
3921	1	5	4	2	3	3	1	2	2	3	1	2		-62135596800	0	false	
3922	2	5	4	2	3	3	1	2	2	3	1	2		-62135596800	0	false	
3923	3	5	4	2	3	3	1	2	2	3	1	2		-62135596800	0	false	
3924	0	6	4	2	3	3	1	2	2	3	1	2		-62135596800	0	false	
3925	1	6	4	2	3	3	1	2	2	3	1	2		-62135596800	0	false	
3926	2	6	4	2	3	3	1	2	2	3	1	2		-62135596800	0	false	
3927	3	6	4	2	3	3	1	2	2	3	1	2		-62135596800	0	false	
3928	0	5	4	3	3	3	1	2	2	3	1	2		-62135596800	0	false	
3929	1	5	4	3	3	3	1	2	2	3	1	2		-62135596800	0	false	
3930	2	5	4	3	3	3	1	2	2	3	1	2		-62135596800	0	false	
3931	3	5	4	3	3	3	1	2	2	3	1	2		-62135596800	0	false	
3932	0	6	4	3	3	3	1	2	2	3	1	2		-62135596800	0	false	
3933	1	6	4	3	3	3	1	2	2	3	1	2		-62135596800	0	false	
3934	2	6	4	3	3	3	1	2	2	3	1	2		-62135596800	0	false	
3935	3	6	4	3	3	3	1	2	2	3	1	2		-62135596800	0	false	
3936	0	5	4	0	4	3	1	2	2	3	1	2		-62135596800	0	false	
3937	1	5	4	0	4	3	1	2	2	3	1	2		-62135596800	0	false	
3938	2	5	4	0	4	3	1	2	2	3	1	2		-62135596800	0	false	
3939	3	5	4	0	4	3	1	2	2	3	1	2		-62135596800	0	false	
3940	0	6	4	0	4	3	1	2	2	3	1	2		-62135596800	0	false	
3941	1	6	4	0	4	3	1	2	2	3	1	2		-62135596800	0	false	
3942	2	6	4	0	4	3	1	2	2	3	1	2		-62135596800	0	false	
3943	3	6	4	0	4	3	1	2	2	3	1	2		-62135596800	0	false	
3944	0	5	4	1	4	3	1	2	2	3	1	2		-62135596800	0	false	
3945	1	5	4	1	4	3	1	2	2	3	1	2		-62135596800	0	false	
3946	2	5	4	1	4	3	1	2	2	3	1	2		-62135596800	0	false	
3947	3	5	4	1	4	3	1	2	2	3	1	2		-62135596800	0	false	
3948	0	6	4	1	4	3	1	2	2	3	1	2		-62135596800	0	false	
3949	1	6	4	1	4	3	1	2	2	3	1	2		-62135596800	0	false	
3950	2	6	4	1	4	3	1	2	2	3	1	2		-62135596800	0	false	
3951	3	6	4	1	4	3	1	2	2	3	1	2		-62135596800	0	false	
3952	0	5	4	2	4	3	1	2	2	3	1	2		-62135596800	0	false	
3953	1	5	4	2	4	3	1	2	2	3	1	2		-62135596800	0	false	
3954	2	5	4	2	4	3	1	2	2	3	1	2		-62135596800	0	false	
3955	3	5	4	2	4	3	1	2	2	3	1	2		-62135596800	0	false	
3956	0	6	4	2	4	3	1	2	2	3	1	2		-62135596800	0	false	
3957	1	6	4	2	4	3	1	2	2	3	1	2		-62135596800	0	false	
3958	2	6	4	2	4	3	1	2	2	3	1	2		-62135596800	0	false	
3959	3	6	4	2	4	3	1	2	2	3	1	2		-62135596800	0	false	
3960	0	5	4	3	4	3	1	2	2	3	1	2		-62135596800	0	false	
3961	1	5	4	3	4	3	1	2	2	3	1	2		-62135596800	0	false	
3962	2	5	4	3	4	3	1	2	2	3	1	2		-62135596800	0	false	
3963	3	5	4	3	4	3	1	2	2	3	1	2		-62135596800	0	false	
3964	0	6	4	3	4	3	1	2	2	3	1	2		-62135596800	0	false	
3965	1	6	4	3	4	3	1	2	2	3	1	2		-62135596800	0	false	
3966	2	6	4	3	4	3	1	2	2	3	1	2		-62135596800	0	false	
3967	3	6	4	3	4	3	1	2	2	3	1	2		-62135596800	0	false	
3968	0	5	4	0	3	3	2	2	2	3	1	2		-62135596800	0	false	
3969	1	5	4	0	3	3	2	2	2	3	1	2		-62135596800	0	false	
3970	2	5	4	0	3	3	2	2	2	3	1	2		-62135596800	0	false	
3971	3	5	4	0	3	3	2	2	2	3	1	2		-62135596800	0	false	
3972	0	6	4	0	3	3	2	2	2	3	1	2		-62135596800	0	false	
3973	1	6	4	0	3	3	2	2	2	3	1	2		-62135596800	0	false	
3974	2	6	4	0	3	3	2	2	2	3	1	2		-62135596800	0	false	
3975	3	6	4	0	3	3	2	2	2	3	1	2		-62135596800	0	false	
3976	0	5	4	1	3	3	2	2	2	3	1	2		-62135596800	0	false	
3977	1	5	4	1	3	3	2	2	2	3	1	2		-62135596800	0	false	
3978	2	5	4	1	3	3	2	2	2	3	1	2		-62135596800	0	false	
3979	3	5	4	1	3	3	2	2	2	3	1	2		-62135596800	0	false	
3980	0	6	4	1	3	3	2	2	2	3	1	2		-62135596800	0	false	
3981	1	6	4	1	3	3	2	2	2	3	1	2		-62135596800	0	false	
3982	2	6	4	1	3	3	2	2	2	3	1	2		-62135596800	0	false	
3983	3	6	4	1	3	3	2	2	2	3	1	2		-62135596800	0	false	
3984	0	5	4	2	3	3	2	2	2	3	1	2		-62135596800	0	false	
3985	1	5	4	2	3	3	2	2	2	3	1	2		-62135596800	0	false	
3986	2	5	4	2	3	3	2	2	2	3	1	2		-62135596800	0	false	
3987	3	5	4	2	3	3	2	2	2	3	1	2		-62135596800	0	false	
3988	0	6	4	2	3	3	2	2	2	3	1	2		-62135596800	0	false	
3989	1	6	4	2	3	3	2	2	2	3	1	2		-62135596800	0	false	
3990	2	6	4	2	3	3	2	2	2	3	1	2		-62135596800	0	false	
3991	3	6	4	2	3	3	2	2	2	3	1	2		-62135596800	0	false	
3992	0	5	4	3	3	3	2	2	2	3	1	2		-62135596800	0	false	
3993	1	5	4	3	3	3	2	2	2	3	1	2		-62135596800	0	false	
3994	2	5	4	3	3	3	2	2	2	3	1	2		-62135596800	0	false	
3995	3	5	4	3	3	3	2	2	2	3	1	2		-62135596800	0	false	
3996	0	6	4	3	3	3	2	2	2	3	1	2		-62135596800	0	false	
3997	1	6	4	3	3	3	2	2	2	3	1	2		-62135596800	0	false	
3998	2	6	4	3	3	3	2	2	2	3	1	2		-62135596800	0	false	
3999	3	6	4	3	3	3	2	2	2	3	1	2		-62135596800	0	false	
4000	0	5	4	0	4	3	2	2	2	3	1	2		-62135596800	0	false	
4001	1	5	4	0	4	3	2	2	2	3	1	2		-62135596800	0	false	
4002	2	5	4	0	4	3	2	2	2	3	1	2		-62135596800	0	false	
4003	3	5	4	0	4	3	2	2	2	3	1	2		-62135596800	0	false	
4004	0	6	4	0	4	3	2	2	2	3	1	2		-62135596800	0	false	
4005	1	6	4	0	4	3	2	2	2	3	1	2		-62135596800	0	false	
4006	2	6	4	0	4	3	2	2	2	3	1	2		-62135596800	0	false	
4007	3	6	4	0	4	3	2	2	2	3	1	2		-62135596800	0	false	
4008	0	5	4	1	4	3	2	2	2	3	1	2		-62135596800	0	false	
4009	1	5	4	1	4	3	2	2	2	3	1	2		-62135596800	0	false	
4010	2	5	4	1	4	3	2	2	2	3	1	2		-62135596800	0	false	
4011	3	5	4	1	4	3	2	2	2	3	1	2		-62135596800	0	false	
4012	0	6	4	1	4	3	2	2	2	3	1	2		-62135596800	0	false	
4013	1	6	4	1	4	3	2	2	2	3	1	2		-62135596800	0	false	
4014	2	6	4	1	4	3	2	2	2	3	1	2		-62135596800	0	false	
4015	3	6	4	1	4	3	2	2	2	3	1	2		-62135596800	0	false	
4016	0	5	4	2	4	3	2	2	2	3	1	2		-62135596800	0	false	
4017	1	5	4	2	4	3	2	2	2	3	1	2		-62135596800	0	false	
4018	2	5	4	2	4	3	2	2	2	3	1	2		-62135596800	0	false	
4019	3	5	4	2	4	3	2	2	2	3	1	2		-62135596800	0	false	
4020	0	6	4	2	4	3	2	2	2	3	1	2		-62135596800	0	false	
4021	1	6	4	2	4	3	2	2	2	3	1	2		-62135596800	0	false	
4022	2	6	4	2	4	3	2	2	2	3	1	2		-62135596800	0	false	
4023	3	6	4	2	4	3	2	2	2	3	1	2		-62135596800	0	false	
4024	0	5	4	3	4	3	2	2	2	3	1	2		-62135596800	0	false	
4025	1	5	4	3	4	3	2	2	2	3	1	2		-62135596800	0	false	
4026	2	5	4	3	4	3	2	2	2	3	1	2		-62135596800	0	false	
4027	3	5	4	3	4	3	2	2	2	3	1	2		-62135596800	0	false	
4028	0	6	4	3	4	3	2	2	2	3	1	2		-62135596800	0	false	
4029	1	6	4	3	4	3	2	2	2	3	1	2		-62135596800	0	false	
4030	2	6	4	3	4	3	2	2	2	3	1	2		-62135596800	0	false	
4031	3	6	4	3	4	3	2	2	2	3	1	2		-62135596800	0	false	
4032	0	5	4	0	3	3	3	2	2	3	1	2		-62135596800	0	false	
4033	1	5	4	0	3	3	3	2	2	3	1	2		-62135596800	0	false	
4034	2	5	4	0	3	3	3	2	2	3	1	2		-62135596800	0	false	
4035	3	5	4	0	3	3	3	2	2	3	1	2		-62135596800	0	false	
4036	0	6	4	0	3	3	3	2	2	3	1	2		-62135596800	0	false	
4037	1	6	4	0	3	3	3	2	2	3	1	2		-62135596800	0	false	
4038	2	6	4	0	3	3	3	2	2	3	1	2		-62135596800	0	false	
4039	3	6	4	0	3	3	3	2	2	3	1	2		-62135596800	0	false	
4040	0	5	4	1	3	3	3	2	2	3	1	2		-62135596800	0	false	
4041	1	5	4	1	3	3	3	2	2	3	1	2		-62135596800	0	false	
4042	2	5	4	1	3	3	3	2	2	3	1	2		-62135596800	0	false	
4043	3	5	4	1	3	3	3	2	2	3	1	2		-62135596800	0	false	
4044	0	6	4	1	3	3	3	2	2	3	1	2		-62135596800	0	false	
4045	1	6	4	1	3	3	3	2	2	3	1	2		-62135596800	0	false	
4046	2	6	4	1	3	3	3	2	2	3	1	2		-62135596800	0	false	
4047	3	6	4	1	3	3	3	2	2	3	1	2		-62135596800	0	false	
4048	0	5	4	2	3	3	3	2	2	3	1	2		-62135596800	0	false	
4049	1	5	4	2	3	3	3	2	2	3	1	2		-62135596800	0	false	
4050	2	5	4	2	3	3	3	2	2	3	1	2		-62135596800	0	false	
4051	3	5	4	2	3	3	3	2	2	3	1	2		-62135596800	0	false	
4052	0	6	4	2	3	3	3	2	2	3	1	2		-62135596800	0	false	
4053	1	6	4	2	3	3	3	2	2	3	1	2		-62135596800	0	false	
4054	2	6	4	2	3	3	3	2	2	3	1	2		-62135596800	0	false	
4055	3	6	4	2	3	3	3	2	2	3	1	2		-62135596800	0	false	
4056	0	5	4	3	3	3	3	2	2	3	1	2		-62135596800	0	false	
4057	1	5	4	3	3	3	3	2	2	3	1	2		-62135596800	0	false	
4058	2	5	4	3	3	3	3	2	2	3	1	2		-62135596800	0	false	
4059	3	5	4	3	3	3	3	2	2	3	1	2		-62135596800	0	false	
4060	0	6	4	3	3	3	3	2	2	3	1	2		-62135596800	0	false	
4061	1	6	4	3	3	3	3	2	2	3	1	2		-62135596800	0	false	
4062	2	6	4	3	3	3	3	2	2	3	1	2		-62135596800	0	false	
4063	3	6	4	3	3	3	3	2	2	3	1	2		-62135596800	0	false	
4064	0	5	4	0	4	3	3	2	2	3	1	2		-62135596800	0	false	
4065	1	5	4	0	4	3	3	2	2	3	1	2		-62135596800	0	false	
4066	2	5	4	0	4	3	3	2	2	3	1	2		-62135596800	0	false	
4067	3	5	4	0	4	3	3	2	2	3	1	2		-62135596800	0	false	
4068	0	6	4	0	4	3	3	2	2	3	1	2	silver	1658241962	26.912743532	true	
4069	1	6	4	0	4	3	3	2	2	3	1	2	silver	1658242348	29.572219098	true	
4070	2	6	4	0	4	3	3	2	2	3	1	2	silver	1658241571	27.459131649	true	
4071	3	6	4	0	4	3	3	2	2	3	1	2	silver	1658242742	26.438535035	true	
4072	0	5	4	1	4	3	3	2	2	3	1	2		-62135596800	0	false	
4073	1	5	4	1	4	3	3	2	2	3	1	2		-62135596800	0	false	
4074	2	5	4	1	4	3	3	2	2	3	1	2		-62135596800	0	false	
4075	3	5	4	1	4	3	3	2	2	3	1	2		-62135596800	0	false	
4076	0	6	4	1	4	3	3	2	2	3	1	2		-62135596800	0	false	
4077	1	6	4	1	4	3	3	2	2	3	1	2		-62135596800	0	false	
4078	2	6	4	1	4	3	3	2	2	3	1	2		-62135596800	0	false	
4079	3	6	4	1	4	3	3	2	2	3	1	2		-62135596800	0	false	
4080	0	5	4	2	4	3	3	2	2	3	1	2		-62135596800	0	false	
4081	1	5	4	2	4	3	3	2	2	3	1	2		-62135596800	0	false	
4082	2	5	4	2	4	3	3	2	2	3	1	2		-62135596800	0	false	
4083	3	5	4	2	4	3	3	2	2	3	1	2		-62135596800	0	false	
4084	0	6	4	2	4	3	3	2	2	3	1	2		-62135596800	0	false	
4085	1	6	4	2	4	3	3	2	2	3	1	2		-62135596800	0	false	
4086	2	6	4	2	4	3	3	2	2	3	1	2		-62135596800	0	false	
4087	3	6	4	2	4	3	3	2	2	3	1	2		-62135596800	0	false	
4088	0	5	4	3	4	3	3	2	2	3	1	2		-62135596800	0	false	
4089	1	5	4	3	4	3	3	2	2	3	1	2		-62135596800	0	false	
4090	2	5	4	3	4	3	3	2	2	3	1	2		-62135596800	0	false	
4091	3	5	4	3	4	3	3	2	2	3	1	2		-62135596800	0	false	
4092	0	6	4	3	4	3	3	2	2	3	1	2		-62135596800	0	false	
4093	1	6	4	3	4	3	3	2	2	3	1	2		-62135596800	0	false	
4094	2	6	4	3	4	3	3	2	2	3	1	2		-62135596800	0	false	
4095	3	6	4	3	4	3	3	2	2	3	1	2		-62135596800	0	false	



